time	V(vpwrout)	I(Pwrout)
0.000000000000000e+00	0.000000e+00	0.000000e+00
9.765624452758720e-14	2.403316e-15	2.329373e-20
1.456238675430868e-13	3.589381e-15	3.508128e-20
2.415591135740860e-13	5.973883e-15	5.971582e-20
4.334296056360843e-13	1.078264e-14	1.098319e-19
8.171705897600810e-13	2.068062e-14	2.068172e-19
1.584652558008074e-12	4.256097e-14	4.205519e-19
3.119616494504061e-12	1.023440e-13	1.018134e-18
6.189544367496035e-12	3.472357e-13	3.470294e-18
1.232940011347998e-11	1.824376e-12	1.824396e-17
2.460911160544787e-11	1.255643e-11	1.255687e-16
4.916853458938366e-11	6.736826e-11	6.736431e-16
7.147816335925120e-11	1.763152e-10	1.763016e-15
9.758789641866531e-11	4.182276e-10	4.182156e-15
1.266043908306582e-10	8.975305e-10	8.975452e-15
1.694595153494054e-10	2.117061e-09	2.117058e-14
2.229914768384977e-10	4.749966e-09	4.750001e-14
2.988506441870060e-10	1.117486e-08	1.117505e-13
3.971313373676422e-10	2.554133e-08	2.554165e-13
5.345643321269845e-10	6.010660e-08	6.010710e-13
7.183874090661142e-10	1.397916e-07	1.397921e-12
9.766011167192010e-10	3.319023e-07	3.319020e-12
1.329132158194117e-09	7.884422e-07	7.884408e-12
1.843233494285695e-09	1.813578e-06	1.813592e-11
2.034333488591235e-09	2.387434e-06	2.387445e-11
2.169582929035451e-09	2.962246e-06	2.962264e-11
2.335600907376477e-09	3.833518e-06	3.833555e-11
2.446977342803843e-09	4.521778e-06	4.521778e-11
2.566976048829730e-09	5.380439e-06	5.380431e-11
2.698807670295513e-09	6.456596e-06	6.456623e-11
2.852062396109808e-09	7.910789e-06	7.910724e-11
3.087812095967326e-09	1.059884e-05	1.059863e-10
3.429680165892964e-09	1.560070e-05	1.560049e-10
4.016393214653553e-09	2.774662e-05	2.774647e-10
5.011265461214645e-09	5.923073e-05	5.923061e-10
6.381810561028789e-09	1.228585e-04	1.228583e-09
7.303573584671667e-09	1.839777e-04	1.839774e-09
8.449756554697827e-09	2.869460e-04	2.869458e-09
9.564823614580251e-09	4.202599e-04	4.202598e-09
1.124196787984774e-08	6.856562e-04	6.856564e-09
1.290415235644384e-08	1.031049e-03	1.031050e-08
1.476038014927669e-08	1.536841e-03	1.536841e-08
1.691475753015870e-08	2.286691e-03	2.286691e-08
1.895926967774565e-08	3.189749e-03	3.189749e-08
2.157340439174256e-08	4.654167e-03	4.654168e-08
2.483776073698857e-08	6.966250e-03	6.966248e-08
2.862569393791395e-08	1.037339e-02	1.037339e-07
3.326660592964980e-08	1.567328e-02	1.567328e-07
3.897076221426805e-08	2.397477e-02	2.397478e-07
4.650415998704351e-08	3.809585e-02	3.809585e-07
5.626978498704351e-08	6.158664e-02	6.158664e-07
6.603540998704351e-08	9.145696e-02	9.145698e-07
7.580103498704351e-08	1.288288e-01	1.288288e-06
8.556665998704350e-08	1.745429e-01	1.745429e-06
9.533228498704350e-08	2.294126e-01	2.294126e-06
1.050979099870435e-07	2.941785e-01	2.941786e-06
1.148635349870435e-07	3.694864e-01	3.694865e-06
1.246291599870435e-07	4.558478e-01	4.558478e-06
1.343947849870435e-07	5.533344e-01	5.533344e-06
1.441604099870435e-07	6.609040e-01	6.609040e-06
1.539260349870435e-07	7.761639e-01	7.761639e-06
1.636916599870435e-07	8.960770e-01	8.960769e-06
1.734572849870435e-07	1.017715e+00	1.017714e-05
1.832229099870435e-07	1.138425e+00	1.138425e-05
1.929885349870435e-07	1.255777e+00	1.255776e-05
2.027541599870435e-07	1.367521e+00	1.367520e-05
2.125197849870435e-07	1.471576e+00	1.471575e-05
2.222854099870435e-07	1.566018e+00	1.566018e-05
2.320510349870435e-07	1.649086e+00	1.649086e-05
2.418166599870435e-07	1.719182e+00	1.719182e-05
2.515822849870435e-07	1.774880e+00	1.774880e-05
2.613479099870436e-07	1.814928e+00	1.814928e-05
2.711135349870436e-07	1.840325e+00	1.840325e-05
2.763552927602825e-07	1.847378e+00	1.847378e-05
2.793219886550159e-07	1.848768e+00	1.848767e-05
2.808453034703942e-07	1.848895e+00	1.848894e-05
2.819051500168130e-07	1.848885e+00	1.848884e-05
2.827199734228578e-07	1.848877e+00	1.848877e-05
2.836011861876034e-07	1.848868e+00	1.848869e-05
2.846002488431627e-07	1.848858e+00	1.848858e-05
2.851220053904070e-07	1.848853e+00	1.849413e-05
2.851235277430605e-07	1.848853e+00	1.849230e-05
2.851265724483673e-07	1.848853e+00	1.848394e-05
2.851355648111385e-07	1.848853e+00	1.848309e-05
2.851446013590366e-07	1.848853e+00	1.848675e-05
2.851569201236042e-07	1.848853e+00	1.848675e-05
2.851779809721090e-07	1.848853e+00	1.848763e-05
2.852131243149281e-07	1.848852e+00	1.848908e-05
2.852698061971946e-07	1.848852e+00	1.848895e-05
2.853686325825096e-07	1.848851e+00	1.848869e-05
2.863174560624219e-07	1.848841e+00	1.848845e-05
2.933882232102682e-07	1.848763e+00	1.848762e-05
3.014690999506640e-07	1.848668e+00	1.848667e-05
3.112347249506640e-07	1.848542e+00	1.848541e-05
3.210003499506640e-07	1.848407e+00	1.848402e-05
3.211431085510149e-07	1.848405e+00	1.848402e-05
3.219996601531205e-07	1.848392e+00	1.848394e-05
3.231417289559280e-07	1.848375e+00	1.848376e-05
3.254258665615428e-07	1.848340e+00	1.848342e-05
3.299941417727726e-07	1.848267e+00	1.848268e-05
3.351971742806191e-07	1.848181e+00	1.848181e-05
3.399880510195015e-07	1.848099e+00	1.848099e-05
3.446427697765550e-07	1.848015e+00	1.848015e-05
3.495773455965936e-07	1.847922e+00	1.847922e-05
3.541170342127082e-07	1.847834e+00	1.847834e-05
3.577390211668757e-07	1.847762e+00	1.847762e-05
3.613612370024750e-07	1.847688e+00	1.847687e-05
3.650172436747956e-07	1.847610e+00	1.847610e-05
3.706602939931503e-07	1.847487e+00	1.847487e-05
3.770379350591339e-07	1.847340e+00	1.847340e-05
3.856482365596026e-07	1.847127e+00	1.847127e-05
3.919876371818333e-07	1.846939e+00	1.846940e-05
3.942235054211533e-07	1.846844e+00	1.846736e-05
3.942362965142526e-07	1.846843e+00	1.846875e-05
3.942533513050516e-07	1.846842e+00	1.846940e-05
3.943810201044917e-07	1.846834e+00	1.846848e-05
3.945201987737187e-07	1.846825e+00	1.846824e-05
3.947985561121727e-07	1.846808e+00	1.846814e-05
3.953552707890808e-07	1.846774e+00	1.846775e-05
4.031492762657939e-07	1.846318e+00	1.846318e-05
4.120567110963232e-07	1.845824e+00	1.845824e-05
4.218223360963233e-07	1.845314e+00	1.845314e-05
4.315879610963233e-07	1.844840e+00	1.844840e-05
4.413535860963233e-07	1.844400e+00	1.844400e-05
4.511192110963233e-07	1.843992e+00	1.843992e-05
4.608848360963234e-07	1.843618e+00	1.843618e-05
4.706504610963234e-07	1.843275e+00	1.843275e-05
4.804160860963234e-07	1.842965e+00	1.842965e-05
4.901817110963234e-07	1.842687e+00	1.842687e-05
4.999473360963235e-07	1.842442e+00	1.842442e-05
5.097129610963235e-07	1.842231e+00	1.842230e-05
5.194785860963235e-07	1.842052e+00	1.842052e-05
5.292442110963235e-07	1.841908e+00	1.841908e-05
5.390098360963236e-07	1.841798e+00	1.841798e-05
5.487754610963236e-07	1.841723e+00	1.841723e-05
5.585410860963236e-07	1.841680e+00	1.841679e-05
5.637280832255609e-07	1.841669e+00	1.841669e-05
5.661087630232468e-07	1.841668e+00	1.841667e-05
5.679814981139992e-07	1.841669e+00	1.841668e-05
5.708209004870376e-07	1.841672e+00	1.841670e-05
5.752874233106276e-07	1.841679e+00	1.841679e-05
5.779408972666211e-07	1.841685e+00	1.841687e-05
5.832478451786083e-07	1.841702e+00	1.841703e-05
5.930134701786084e-07	1.841746e+00	1.841746e-05
6.027790951786084e-07	1.841804e+00	1.841803e-05
6.125447201786084e-07	1.841877e+00	1.841876e-05
6.223103451786084e-07	1.841964e+00	1.841964e-05
6.320759701786085e-07	1.842066e+00	1.842066e-05
6.418415951786085e-07	1.842181e+00	1.842181e-05
6.516072201786085e-07	1.842308e+00	1.842308e-05
6.613728451786085e-07	1.842448e+00	1.842448e-05
6.711384701786086e-07	1.842597e+00	1.842597e-05
6.809040951786086e-07	1.842754e+00	1.842754e-05
6.906697201786086e-07	1.842916e+00	1.842917e-05
7.004353451786086e-07	1.843083e+00	1.843083e-05
7.102009701786087e-07	1.843254e+00	1.843254e-05
7.199665951786087e-07	1.843428e+00	1.843428e-05
7.297322201786087e-07	1.843604e+00	1.843604e-05
7.394978451786087e-07	1.843782e+00	1.843782e-05
7.492634701786088e-07	1.843960e+00	1.843960e-05
7.590290951786088e-07	1.844136e+00	1.844136e-05
7.687947201786088e-07	1.844311e+00	1.844311e-05
7.785603451786088e-07	1.844483e+00	1.844483e-05
7.883259701786089e-07	1.844651e+00	1.844652e-05
7.980915951786089e-07	1.844815e+00	1.844815e-05
8.078572201786089e-07	1.844970e+00	1.844970e-05
8.176228451786089e-07	1.845116e+00	1.845116e-05
8.273884701786090e-07	1.845250e+00	1.845250e-05
8.371540951786090e-07	1.845371e+00	1.845371e-05
8.469197201786090e-07	1.845477e+00	1.845477e-05
8.566853451786091e-07	1.845568e+00	1.845568e-05
8.664509701786091e-07	1.845642e+00	1.845641e-05
8.762165951786091e-07	1.845698e+00	1.845697e-05
8.859822201786091e-07	1.845736e+00	1.845735e-05
8.957478451786092e-07	1.845754e+00	1.845753e-05
9.055134701786092e-07	1.845752e+00	1.845752e-05
9.152790951786092e-07	1.845730e+00	1.845730e-05
9.250447201786092e-07	1.845688e+00	1.845688e-05
9.348103451786093e-07	1.845630e+00	1.845197e-05
9.348127293644003e-07	1.845630e+00	1.845053e-05
9.348222630271448e-07	1.845630e+00	1.845012e-05
9.348282299724267e-07	1.845630e+00	1.845526e-05
9.348386653490270e-07	1.845630e+00	1.845797e-05
9.348514098182503e-07	1.845630e+00	1.845644e-05
9.348732855729225e-07	1.845630e+00	1.845593e-05
9.349057749781743e-07	1.845629e+00	1.845658e-05
9.349563123986484e-07	1.845629e+00	1.845663e-05
9.350381845084307e-07	1.845628e+00	1.845644e-05
9.366255981688440e-07	1.845616e+00	1.845624e-05
9.382130118292574e-07	1.845603e+00	1.845605e-05
9.398004254896706e-07	1.845589e+00	1.845587e-05
9.413878391500840e-07	1.845575e+00	1.845571e-05
9.429752528104973e-07	1.845560e+00	1.845555e-05
9.445626664709106e-07	1.845545e+00	1.845541e-05
9.461500801313239e-07	1.845529e+00	1.845528e-05
9.559157051313239e-07	1.845424e+00	1.845424e-05
9.656813301313239e-07	1.845304e+00	1.845304e-05
9.754469551313240e-07	1.845169e+00	1.845168e-05
9.852125801313240e-07	1.845019e+00	1.845019e-05
9.949782051313240e-07	1.844855e+00	1.844855e-05
1.004743830131324e-06	1.844678e+00	1.844678e-05
1.014509455131324e-06	1.844488e+00	1.844488e-05
1.024275080131324e-06	1.844287e+00	1.844287e-05
1.034040705131324e-06	1.844076e+00	1.844075e-05
1.043806330131324e-06	1.843856e+00	1.843857e-05
1.043958918021949e-06	1.843852e+00	1.843856e-05
1.044874445365699e-06	1.843831e+00	1.843832e-05
1.045746933889522e-06	1.843810e+00	1.843810e-05
1.047491910937167e-06	1.843769e+00	1.843769e-05
1.050706942890049e-06	1.843690e+00	1.843690e-05
1.056014802610416e-06	1.843557e+00	1.843558e-05
1.062066980031934e-06	1.843402e+00	1.843402e-05
1.067539373297746e-06	1.843260e+00	1.843259e-05
1.072883123917585e-06	1.843120e+00	1.843120e-05
1.078278742414909e-06	1.842978e+00	1.842978e-05
1.084061023656480e-06	1.842827e+00	1.842827e-05
1.090094779434066e-06	1.842670e+00	1.842670e-05
1.096648213068548e-06	1.842502e+00	1.842502e-05
1.103825865297604e-06	1.842321e+00	1.842321e-05
1.112142159638610e-06	1.842115e+00	1.842115e-05
1.121907784638610e-06	1.841865e+00	1.841864e-05
1.131673409638610e-06	1.841593e+00	1.841316e-05
1.131675556386390e-06	1.841593e+00	1.841223e-05
1.131679849881949e-06	1.841593e+00	1.841163e-05
1.131688436873068e-06	1.841592e+00	1.841504e-05
1.131705610855305e-06	1.841592e+00	1.841643e-05
1.131755332386198e-06	1.841590e+00	1.841543e-05
1.131821627760721e-06	1.841587e+00	1.841535e-05
1.131954218509768e-06	1.841581e+00	1.841557e-05
1.132219400007863e-06	1.841568e+00	1.841567e-05
1.132749763004051e-06	1.841544e+00	1.841551e-05
1.140174844950690e-06	1.841216e+00	1.841217e-05
1.148660652889705e-06	1.840878e+00	1.840878e-05
1.158426277889705e-06	1.840529e+00	1.840530e-05
1.168191902889705e-06	1.840229e+00	1.840229e-05
1.177957527889705e-06	1.839980e+00	1.839980e-05
1.187723152889705e-06	1.839782e+00	1.839782e-05
1.197488777889705e-06	1.839637e+00	1.839637e-05
1.207254402889705e-06	1.839543e+00	1.839543e-05
1.217020027889705e-06	1.839494e+00	1.839494e-05
1.221248766835668e-06	1.839487e+00	1.839487e-05
1.223764963708316e-06	1.839487e+00	1.839488e-05
1.225822137660737e-06	1.839490e+00	1.839490e-05
1.227820704090889e-06	1.839494e+00	1.839494e-05
1.231817836951194e-06	1.839505e+00	1.839505e-05
1.239812102671802e-06	1.839540e+00	1.839540e-05
1.249577727671802e-06	1.839603e+00	1.839602e-05
1.259343352671802e-06	1.839687e+00	1.839686e-05
1.269108977671802e-06	1.839792e+00	1.839792e-05
1.278874602671802e-06	1.839919e+00	1.839918e-05
1.288640227671802e-06	1.840065e+00	1.840064e-05
1.298405852671802e-06	1.840231e+00	1.840230e-05
1.308171477671802e-06	1.840415e+00	1.840415e-05
1.317937102671802e-06	1.840616e+00	1.840616e-05
1.327702727671802e-06	1.840833e+00	1.840833e-05
1.337468352671802e-06	1.841063e+00	1.841063e-05
1.347233977671802e-06	1.841304e+00	1.841303e-05
1.356999602671803e-06	1.841550e+00	1.841550e-05
1.366765227671803e-06	1.841801e+00	1.841801e-05
1.376530852671803e-06	1.842053e+00	1.842053e-05
1.386296477671803e-06	1.842305e+00	1.842305e-05
1.396062102671803e-06	1.842556e+00	1.842556e-05
1.405827727671803e-06	1.842804e+00	1.842805e-05
1.415593352671803e-06	1.843049e+00	1.843049e-05
1.425358977671803e-06	1.843287e+00	1.843287e-05
1.435124602671803e-06	1.843518e+00	1.843518e-05
1.444890227671803e-06	1.843740e+00	1.843740e-05
1.454655852671803e-06	1.843952e+00	1.843952e-05
1.464421477671803e-06	1.844152e+00	1.844151e-05
1.474187102671803e-06	1.844339e+00	1.844339e-05
1.483952727671803e-06	1.844514e+00	1.844513e-05
1.493718352671803e-06	1.844674e+00	1.844674e-05
1.503483977671803e-06	1.844820e+00	1.844820e-05
1.513249602671803e-06	1.844948e+00	1.844948e-05
1.523015227671803e-06	1.845057e+00	1.845057e-05
1.532780852671803e-06	1.845145e+00	1.845145e-05
1.542546477671803e-06	1.845211e+00	1.845211e-05
1.552312102671803e-06	1.845251e+00	1.845251e-05
1.562077727671803e-06	1.845264e+00	1.845265e-05
1.571843352671803e-06	1.845250e+00	1.845250e-05
1.581608977671803e-06	1.845207e+00	1.845206e-05
1.591374602671803e-06	1.845137e+00	1.845136e-05
1.601140227671803e-06	1.845047e+00	1.845092e-05
1.601159301158131e-06	1.845047e+00	1.845091e-05
1.601197448130787e-06	1.845047e+00	1.845062e-05
1.601222111031627e-06	1.845046e+00	1.845024e-05
1.601256400817578e-06	1.845046e+00	1.845004e-05
1.601324980389478e-06	1.845045e+00	1.845037e-05
1.601655436417366e-06	1.845041e+00	1.845040e-05
1.604835805516330e-06	1.845003e+00	1.845002e-05
1.608016174615295e-06	1.844963e+00	1.844962e-05
1.611196543714259e-06	1.844920e+00	1.844920e-05
1.614376912813223e-06	1.844877e+00	1.844876e-05
1.617557281912188e-06	1.844831e+00	1.844831e-05
1.620737651011152e-06	1.844783e+00	1.844784e-05
1.623918020110116e-06	1.844734e+00	1.844734e-05
1.633683645110116e-06	1.844576e+00	1.844576e-05
1.643449270110116e-06	1.844404e+00	1.844405e-05
1.653214895110116e-06	1.844221e+00	1.844222e-05
1.662980520110116e-06	1.844028e+00	1.844028e-05
1.672746145110116e-06	1.843826e+00	1.843826e-05
1.682511770110117e-06	1.843617e+00	1.843617e-05
1.692277395110117e-06	1.843401e+00	1.843401e-05
1.702043020110117e-06	1.843181e+00	1.843181e-05
1.711808645110117e-06	1.842958e+00	1.842958e-05
1.721574270110117e-06	1.842734e+00	1.842734e-05
1.731339895110117e-06	1.842508e+00	1.842508e-05
1.737553556654273e-06	1.842364e+00	1.842360e-05
1.738398300869266e-06	1.842345e+00	1.842342e-05
1.739243045084259e-06	1.842325e+00	1.842323e-05
1.740087789299252e-06	1.842305e+00	1.842304e-05
1.740932533514245e-06	1.842285e+00	1.842285e-05
1.741777277729238e-06	1.842265e+00	1.842265e-05
1.742622021944231e-06	1.842245e+00	1.842246e-05
1.743466766159224e-06	1.842225e+00	1.842225e-05
1.749473836132507e-06	1.842081e+00	1.842081e-05
1.755444315335716e-06	1.841938e+00	1.841938e-05
1.761474636305915e-06	1.841792e+00	1.841792e-05
1.767064974936277e-06	1.841658e+00	1.841658e-05
1.773484011040804e-06	1.841505e+00	1.841505e-05
1.780294446695727e-06	1.841344e+00	1.841345e-05
1.788403761556852e-06	1.841158e+00	1.841158e-05
1.797540689121547e-06	1.840953e+00	1.840954e-05
1.807306314121547e-06	1.840744e+00	1.840744e-05
1.817071939121547e-06	1.840545e+00	1.840545e-05
1.826837564121547e-06	1.840360e+00	1.840360e-05
1.836603189121547e-06	1.840190e+00	1.840189e-05
1.846368814121547e-06	1.840037e+00	1.840036e-05
1.856134439121547e-06	1.839903e+00	1.839902e-05
1.865900064121547e-06	1.839789e+00	1.839788e-05
1.875665689121547e-06	1.839695e+00	1.839694e-05
1.885431314121547e-06	1.839621e+00	1.839621e-05
1.895196939121547e-06	1.839567e+00	1.839567e-05
1.904962564121547e-06	1.839531e+00	1.839530e-05
1.909188065002932e-06	1.839521e+00	1.839521e-05
1.912109347936229e-06	1.839517e+00	1.839517e-05
1.914768360555646e-06	1.839516e+00	1.839516e-05
1.916693942059377e-06	1.839515e+00	1.839516e-05
1.918734350977789e-06	1.839516e+00	1.839516e-05
1.920730934626825e-06	1.839517e+00	1.839517e-05
1.923113630279282e-06	1.839521e+00	1.839521e-05
1.927879021584196e-06	1.839532e+00	1.839532e-05
1.937055612147592e-06	1.839565e+00	1.839565e-05
1.946821237147592e-06	1.839615e+00	1.839616e-05
1.956586862147592e-06	1.839683e+00	1.839683e-05
1.966352487147592e-06	1.839766e+00	1.839765e-05
1.976118112147592e-06	1.839864e+00	1.839863e-05
1.985883737147592e-06	1.839974e+00	1.839974e-05
1.995649362147592e-06	1.840097e+00	1.840098e-05
2.005414987147592e-06	1.840231e+00	1.840231e-05
2.015180612147592e-06	1.840375e+00	1.840375e-05
2.024946237147592e-06	1.840528e+00	1.840527e-05
2.034711862147592e-06	1.840687e+00	1.840687e-05
2.044477487147592e-06	1.840853e+00	1.840852e-05
2.054243112147592e-06	1.841023e+00	1.841022e-05
2.064008737147592e-06	1.841197e+00	1.841196e-05
2.073774362147592e-06	1.841373e+00	1.841373e-05
2.083539987147592e-06	1.841550e+00	1.841550e-05
2.093305612147592e-06	1.841724e+00	1.841725e-05
2.103071237147593e-06	1.841896e+00	1.841896e-05
2.112836862147593e-06	1.842063e+00	1.842063e-05
2.122602487147593e-06	1.842223e+00	1.842223e-05
2.132368112147593e-06	1.842376e+00	1.842376e-05
2.142133737147593e-06	1.842520e+00	1.842520e-05
2.151899362147593e-06	1.842656e+00	1.842656e-05
2.161664987147593e-06	1.842781e+00	1.842781e-05
2.171430612147593e-06	1.842896e+00	1.842896e-05
2.181196237147593e-06	1.843000e+00	1.843000e-05
2.190961862147593e-06	1.843091e+00	1.843091e-05
2.200727487147593e-06	1.843170e+00	1.843170e-05
2.210493112147593e-06	1.843235e+00	1.843235e-05
2.220258737147593e-06	1.843285e+00	1.843285e-05
2.230024362147593e-06	1.843320e+00	1.843320e-05
2.239789987147593e-06	1.843340e+00	1.843340e-05
2.249555612147593e-06	1.843344e+00	1.843343e-05
2.259321237147593e-06	1.843332e+00	1.843331e-05
2.269086862147593e-06	1.843305e+00	1.843305e-05
2.278852487147593e-06	1.843264e+00	1.843264e-05
2.288618112147593e-06	1.843210e+00	1.843210e-05
2.298383737147593e-06	1.843146e+00	1.843146e-05
2.302901988191066e-06	1.843113e+00	1.843007e-05
2.302931101265280e-06	1.843112e+00	1.842935e-05
2.302965146752337e-06	1.843112e+00	1.843040e-05
2.303000267678407e-06	1.843112e+00	1.843087e-05
2.303210993234827e-06	1.843110e+00	1.843080e-05
2.307134789197577e-06	1.843077e+00	1.843065e-05
2.311058585160327e-06	1.843043e+00	1.843044e-05
2.314982381123076e-06	1.843007e+00	1.843018e-05
2.318906177085826e-06	1.842970e+00	1.842985e-05
2.322829973048576e-06	1.842931e+00	1.842946e-05
2.326753769011326e-06	1.842891e+00	1.842901e-05
2.330677564974076e-06	1.842850e+00	1.842849e-05
2.340443189974076e-06	1.842743e+00	1.842742e-05
2.350208814974076e-06	1.842630e+00	1.842629e-05
2.359974439974076e-06	1.842512e+00	1.842511e-05
2.369740064974076e-06	1.842390e+00	1.842390e-05
2.379505689974076e-06	1.842267e+00	1.842267e-05
2.389271314974076e-06	1.842143e+00	1.842144e-05
2.399036939974076e-06	1.842020e+00	1.842020e-05
2.408802564974076e-06	1.841899e+00	1.841899e-05
2.418568189974076e-06	1.841779e+00	1.841779e-05
2.428333814974076e-06	1.841663e+00	1.841663e-05
2.438099439974076e-06	1.841550e+00	1.841551e-05
2.447865064974076e-06	1.841442e+00	1.841442e-05
2.457704788134924e-06	1.841337e+00	1.841340e-05
2.458742162386793e-06	1.841326e+00	1.841327e-05
2.459927732960358e-06	1.841314e+00	1.841316e-05
2.462298874107487e-06	1.841290e+00	1.841291e-05
2.465579639381499e-06	1.841258e+00	1.841259e-05
2.472141169929522e-06	1.841197e+00	1.841197e-05
2.478503822510447e-06	1.841141e+00	1.841140e-05
2.485599710201031e-06	1.841083e+00	1.841083e-05
2.492393715496345e-06	1.841033e+00	1.841033e-05
2.501102508492459e-06	1.840979e+00	1.840979e-05
2.510837356383098e-06	1.840930e+00	1.840930e-05
2.520602981383098e-06	1.840893e+00	1.840893e-05
2.525841993867408e-06	1.840878e+00	1.840879e-05
2.528501998022504e-06	1.840873e+00	1.840874e-05
2.530376934306800e-06	1.840870e+00	1.840871e-05
2.532080249254280e-06	1.840867e+00	1.840869e-05
2.535279967381182e-06	1.840864e+00	1.840865e-05
2.538231052844226e-06	1.840862e+00	1.840862e-05
2.540571349998579e-06	1.840861e+00	1.840861e-05
2.543563848168248e-06	1.840860e+00	1.840861e-05
2.545581880556295e-06	1.840861e+00	1.840861e-05
2.547687929579313e-06	1.840862e+00	1.840862e-05
2.551900027625350e-06	1.840865e+00	1.840866e-05
2.560029508171798e-06	1.840877e+00	1.840877e-05
2.569795133171798e-06	1.840899e+00	1.840898e-05
2.579560758171798e-06	1.840928e+00	1.840928e-05
2.589326383171798e-06	1.840966e+00	1.840965e-05
2.599092008171798e-06	1.841010e+00	1.841010e-05
2.608857633171798e-06	1.841061e+00	1.841061e-05
2.618623258171798e-06	1.841117e+00	1.841117e-05
2.628388883171798e-06	1.841178e+00	1.841178e-05
2.638154508171798e-06	1.841242e+00	1.841242e-05
2.647920133171798e-06	1.841309e+00	1.841309e-05
2.657685758171798e-06	1.841378e+00	1.841378e-05
2.667451383171798e-06	1.841449e+00	1.841449e-05
2.677217008171798e-06	1.841521e+00	1.841521e-05
2.696748258171798e-06	1.841669e+00	1.841668e-05
2.706513883171799e-06	1.841744e+00	1.841744e-05
2.716279508171799e-06	1.841819e+00	1.841818e-05
2.726045133171799e-06	1.841892e+00	1.841892e-05
2.735810758171799e-06	1.841964e+00	1.841964e-05
2.745576383171799e-06	1.842031e+00	1.842031e-05
2.755342008171799e-06	1.842094e+00	1.842094e-05
2.765107633171799e-06	1.842152e+00	1.842152e-05
2.774873258171799e-06	1.842202e+00	1.842202e-05
2.784638883171799e-06	1.842244e+00	1.842244e-05
2.794404508171799e-06	1.842278e+00	1.842278e-05
2.804170133171799e-06	1.842305e+00	1.842305e-05
2.813935758171799e-06	1.842325e+00	1.842325e-05
2.823701383171799e-06	1.842340e+00	1.842340e-05
2.833467008171799e-06	1.842351e+00	1.842351e-05
2.843232633171799e-06	1.842358e+00	1.842358e-05
2.852998258171799e-06	1.842362e+00	1.842362e-05
2.862763883171799e-06	1.842363e+00	1.842363e-05
2.872529508171799e-06	1.842362e+00	1.842362e-05
2.882295133171799e-06	1.842358e+00	1.842358e-05
2.892060758171799e-06	1.842354e+00	1.842354e-05
2.901826383171799e-06	1.842349e+00	1.842349e-05
2.911592008171799e-06	1.842344e+00	1.842344e-05
2.921357633171799e-06	1.842340e+00	1.842339e-05
2.931123258171799e-06	1.842336e+00	1.842336e-05
2.940888883171799e-06	1.842332e+00	1.842332e-05
2.950654508171799e-06	1.842328e+00	1.842328e-05
2.960420133171799e-06	1.842323e+00	1.842323e-05
2.970185758171799e-06	1.842317e+00	1.842317e-05
2.979951383171799e-06	1.842310e+00	1.842310e-05
2.989717008171799e-06	1.842303e+00	1.842303e-05
2.999482633171799e-06	1.842297e+00	1.842297e-05
3.009248258171799e-06	1.842293e+00	1.842293e-05
3.019013883171799e-06	1.842291e+00	1.842291e-05
3.028779508171799e-06	1.842293e+00	1.842293e-05
3.038545133171799e-06	1.842299e+00	1.842299e-05
3.048310758171799e-06	1.842310e+00	1.842310e-05
3.058076383171799e-06	1.842327e+00	1.842327e-05
3.067842008171799e-06	1.842349e+00	1.842350e-05
3.077607633171799e-06	1.842377e+00	1.842377e-05
3.087373258171800e-06	1.842409e+00	1.842409e-05
3.097138883171800e-06	1.842443e+00	1.842443e-05
3.106904508171800e-06	1.842481e+00	1.842481e-05
3.116670133171800e-06	1.842520e+00	1.842520e-05
3.126435758171800e-06	1.842561e+00	1.842561e-05
3.136201383171800e-06	1.842604e+00	1.842604e-05
3.145967008171800e-06	1.842647e+00	1.842647e-05
3.155732633171800e-06	1.842690e+00	1.842690e-05
3.165498258171800e-06	1.842733e+00	1.842733e-05
3.175263883171800e-06	1.842775e+00	1.842775e-05
3.185029508171800e-06	1.842815e+00	1.842815e-05
3.194795133171800e-06	1.842853e+00	1.842853e-05
3.204560758171800e-06	1.842890e+00	1.842889e-05
3.214326383171800e-06	1.842924e+00	1.842924e-05
3.224092008171800e-06	1.842957e+00	1.842957e-05
3.233857633171800e-06	1.842989e+00	1.842989e-05
3.243623258171800e-06	1.843019e+00	1.843019e-05
3.253388883171800e-06	1.843047e+00	1.843047e-05
3.263154508171800e-06	1.843071e+00	1.843072e-05
3.272920133171800e-06	1.843092e+00	1.843092e-05
3.282685758171800e-06	1.843108e+00	1.843108e-05
3.292451383171800e-06	1.843118e+00	1.843118e-05
3.302217008171800e-06	1.843122e+00	1.843122e-05
3.311982633171800e-06	1.843118e+00	1.843118e-05
3.321748258171800e-06	1.843105e+00	1.843105e-05
3.331513883171800e-06	1.843084e+00	1.843084e-05
3.341279508171800e-06	1.843053e+00	1.843053e-05
3.351045133171800e-06	1.843012e+00	1.843013e-05
3.360810758171800e-06	1.842963e+00	1.842963e-05
3.370576383171800e-06	1.842905e+00	1.842906e-05
3.375918224177493e-06	1.842871e+00	1.842886e-05
3.375937297663821e-06	1.842871e+00	1.842860e-05
3.375975444636477e-06	1.842870e+00	1.842836e-05
3.375999957327879e-06	1.842870e+00	1.842912e-05
3.376034718134350e-06	1.842870e+00	1.842963e-05
3.376181723853976e-06	1.842869e+00	1.842863e-05
3.379891248964860e-06	1.842842e+00	1.842839e-05
3.383600774075744e-06	1.842813e+00	1.842813e-05
3.387310299186628e-06	1.842783e+00	1.842786e-05
3.391019824297512e-06	1.842753e+00	1.842756e-05
3.394729349408395e-06	1.842721e+00	1.842724e-05
3.398438874519279e-06	1.842688e+00	1.842689e-05
3.402148399630163e-06	1.842654e+00	1.842653e-05
3.411914024630163e-06	1.842559e+00	1.842558e-05
3.421679649630163e-06	1.842457e+00	1.842457e-05
3.431445274630163e-06	1.842349e+00	1.842348e-05
3.441210899630163e-06	1.842235e+00	1.842235e-05
3.443588234660179e-06	1.842206e+00	1.842208e-05
3.445547467984308e-06	1.842182e+00	1.842184e-05
3.447490355032922e-06	1.842158e+00	1.842159e-05
3.451376129130152e-06	1.842108e+00	1.842108e-05
3.457472023016475e-06	1.842027e+00	1.842027e-05
3.464358281062559e-06	1.841934e+00	1.841934e-05
3.471100311362924e-06	1.841839e+00	1.841840e-05
3.478459079313696e-06	1.841733e+00	1.841733e-05
3.486969975096113e-06	1.841606e+00	1.841606e-05
3.496735600096113e-06	1.841458e+00	1.841458e-05
3.506501225096113e-06	1.841307e+00	1.841307e-05
3.516266850096113e-06	1.841154e+00	1.841154e-05
3.526032475096113e-06	1.841000e+00	1.841000e-05
3.535798100096113e-06	1.840846e+00	1.840846e-05
3.545563725096113e-06	1.840694e+00	1.840694e-05
3.555329350096113e-06	1.840545e+00	1.840545e-05
3.565094975096113e-06	1.840401e+00	1.840401e-05
3.574860600096113e-06	1.840263e+00	1.840263e-05
3.584626225096113e-06	1.840132e+00	1.840132e-05
3.594391850096113e-06	1.840008e+00	1.840008e-05
3.601215876973083e-06	1.839924e+00	1.839923e-05
3.601234950459411e-06	1.839924e+00	1.839922e-05
3.601273097432067e-06	1.839923e+00	1.839932e-05
3.601316128960156e-06	1.839923e+00	1.839923e-05
3.601366167502679e-06	1.839921e+00	1.839909e-05
3.601418340536352e-06	1.839920e+00	1.839933e-05
3.601522686603698e-06	1.839918e+00	1.839938e-05
3.601717825051385e-06	1.839914e+00	1.839903e-05
3.602108101946759e-06	1.839906e+00	1.839901e-05
3.602888655737506e-06	1.839889e+00	1.839888e-05
3.613816408807975e-06	1.839680e+00	1.839680e-05
3.623582033807975e-06	1.839529e+00	1.839528e-05
3.633347658807975e-06	1.839409e+00	1.839409e-05
3.643113283807975e-06	1.839320e+00	1.839320e-05
3.649876315827581e-06	1.839280e+00	1.839281e-05
3.651651318380542e-06	1.839273e+00	1.839274e-05
3.653380296214289e-06	1.839268e+00	1.839269e-05
3.656838251881783e-06	1.839260e+00	1.839261e-05
3.658990334135678e-06	1.839257e+00	1.839259e-05
3.660907457792389e-06	1.839257e+00	1.839258e-05
3.662268699869013e-06	1.839257e+00	1.839258e-05
3.664016984809317e-06	1.839257e+00	1.839258e-05
3.665703085669394e-06	1.839258e+00	1.839259e-05
3.667902277818153e-06	1.839261e+00	1.839261e-05
3.670632596178983e-06	1.839266e+00	1.839266e-05
3.674417050708263e-06	1.839275e+00	1.839275e-05
3.680487628693985e-06	1.839296e+00	1.839296e-05
3.690253253693985e-06	1.839344e+00	1.839344e-05
3.700018878693985e-06	1.839407e+00	1.839407e-05
3.709784503693985e-06	1.839487e+00	1.839488e-05
3.719550128693985e-06	1.839584e+00	1.839584e-05
3.729315753693985e-06	1.839694e+00	1.839694e-05
3.739081378693985e-06	1.839819e+00	1.839819e-05
3.748847003693985e-06	1.839957e+00	1.839957e-05
3.758612628693985e-06	1.840105e+00	1.840105e-05
3.768378253693985e-06	1.840263e+00	1.840263e-05
3.778143878693985e-06	1.840430e+00	1.840430e-05
3.787909503693985e-06	1.840605e+00	1.840605e-05
3.797675128693985e-06	1.840787e+00	1.840787e-05
3.807440753693985e-06	1.840974e+00	1.840974e-05
3.817206378693985e-06	1.841165e+00	1.841164e-05
3.826972003693984e-06	1.841358e+00	1.841357e-05
3.836737628693984e-06	1.841550e+00	1.841550e-05
3.846503253693984e-06	1.841741e+00	1.841741e-05
3.856268878693983e-06	1.841929e+00	1.841929e-05
3.866034503693983e-06	1.842112e+00	1.842113e-05
3.875800128693982e-06	1.842290e+00	1.842290e-05
3.885565753693982e-06	1.842461e+00	1.842461e-05
3.895331378693982e-06	1.842625e+00	1.842625e-05
3.905097003693981e-06	1.842781e+00	1.842781e-05
3.914862628693981e-06	1.842927e+00	1.842927e-05
3.924628253693980e-06	1.843062e+00	1.843062e-05
3.934393878693980e-06	1.843185e+00	1.843185e-05
3.944159503693980e-06	1.843294e+00	1.843293e-05
3.953925128693979e-06	1.843387e+00	1.843386e-05
3.963690753693979e-06	1.843462e+00	1.843462e-05
3.973456378693978e-06	1.843519e+00	1.843519e-05
3.983222003693978e-06	1.843556e+00	1.843556e-05
3.992987628693978e-06	1.843573e+00	1.843573e-05
4.002753253693977e-06	1.843569e+00	1.843569e-05
4.012518878693977e-06	1.843546e+00	1.843546e-05
4.022284503693976e-06	1.843503e+00	1.843503e-05
4.032050128693976e-06	1.843442e+00	1.843442e-05
4.041815753693976e-06	1.843365e+00	1.843365e-05
4.051581378693975e-06	1.843274e+00	1.843274e-05
4.054574092171133e-06	1.843243e+00	1.843258e-05
4.054579782642337e-06	1.843243e+00	1.843263e-05
4.054591163584745e-06	1.843243e+00	1.843238e-05
4.054609372951070e-06	1.843243e+00	1.843226e-05
4.054628625383523e-06	1.843242e+00	1.843305e-05
4.054667130248429e-06	1.843242e+00	1.843328e-05
4.054744139978241e-06	1.843241e+00	1.843242e-05
4.061527818018682e-06	1.843160e+00	1.843160e-05
4.068311496059122e-06	1.843073e+00	1.843073e-05
4.075095174099563e-06	1.842982e+00	1.842981e-05
4.081878852140003e-06	1.842885e+00	1.842884e-05
4.088662530180444e-06	1.842783e+00	1.842782e-05
4.095446208220884e-06	1.842676e+00	1.842675e-05
4.102229886261325e-06	1.842563e+00	1.842563e-05
4.111995511261324e-06	1.842397e+00	1.842397e-05
4.121761136261324e-06	1.842225e+00	1.842225e-05
4.131526761261323e-06	1.842048e+00	1.842047e-05
4.141292386261323e-06	1.841867e+00	1.841867e-05
4.151058011261323e-06	1.841683e+00	1.841683e-05
4.160823636261322e-06	1.841496e+00	1.841496e-05
4.167564977222390e-06	1.841366e+00	1.841366e-05
4.170561960565848e-06	1.841308e+00	1.841307e-05
4.172793672654523e-06	1.841264e+00	1.841265e-05
4.174984262550702e-06	1.841221e+00	1.841222e-05
4.179365442343060e-06	1.841133e+00	1.841133e-05
4.185484657843153e-06	1.841010e+00	1.841010e-05
4.192091360961962e-06	1.840877e+00	1.840876e-05
4.198530668656667e-06	1.840748e+00	1.840747e-05
4.205581357303362e-06	1.840609e+00	1.840608e-05
4.213640865988214e-06	1.840454e+00	1.840453e-05
4.223406490988214e-06	1.840272e+00	1.840272e-05
4.233172115988213e-06	1.840100e+00	1.840100e-05
4.242937740988213e-06	1.839938e+00	1.839939e-05
4.252703365988212e-06	1.839790e+00	1.839790e-05
4.262468990988212e-06	1.839655e+00	1.839655e-05
4.272234615988212e-06	1.839537e+00	1.839537e-05
4.282000240988211e-06	1.839436e+00	1.839435e-05
4.291765865988211e-06	1.839346e+00	1.839346e-05
4.296654119657239e-06	1.839301e+00	1.839239e-05
4.296664326879445e-06	1.839301e+00	1.839217e-05
4.296684741323857e-06	1.839301e+00	1.839207e-05
4.296725570212681e-06	1.839301e+00	1.839292e-05
4.296807227990328e-06	1.839299e+00	1.839323e-05
4.296907272413984e-06	1.839298e+00	1.839302e-05
4.297107361261298e-06	1.839296e+00	1.839297e-05
4.297507538955924e-06	1.839291e+00	1.839292e-05
4.309512869794709e-06	1.839178e+00	1.839178e-05
4.313493701628845e-06	1.839154e+00	1.839154e-05
4.315034027019706e-06	1.839147e+00	1.839147e-05
4.317257695743831e-06	1.839139e+00	1.839140e-05
4.321705033192080e-06	1.839129e+00	1.839130e-05
4.324182836618455e-06	1.839127e+00	1.839128e-05
4.325929542631445e-06	1.839126e+00	1.839128e-05
4.327560340526218e-06	1.839127e+00	1.839128e-05
4.329056377559100e-06	1.839128e+00	1.839129e-05
4.332048451624863e-06	1.839133e+00	1.839133e-05
4.338032599756389e-06	1.839148e+00	1.839148e-05
4.347798224756388e-06	1.839188e+00	1.839187e-05
4.357563849756388e-06	1.839243e+00	1.839243e-05
4.367329474756387e-06	1.839315e+00	1.839315e-05
4.377095099756387e-06	1.839401e+00	1.839401e-05
4.386860724756387e-06	1.839500e+00	1.839500e-05
4.396626349756386e-06	1.839613e+00	1.839613e-05
4.406391974756386e-06	1.839737e+00	1.839737e-05
4.416157599756385e-06	1.839874e+00	1.839873e-05
4.425923224756385e-06	1.840022e+00	1.840022e-05
4.435688849756385e-06	1.840183e+00	1.840182e-05
4.445454474756384e-06	1.840354e+00	1.840354e-05
4.455220099756384e-06	1.840537e+00	1.840537e-05
4.464985724756383e-06	1.840728e+00	1.840728e-05
4.474751349756383e-06	1.840926e+00	1.840926e-05
4.484516974756383e-06	1.841129e+00	1.841129e-05
4.494282599756382e-06	1.841336e+00	1.841336e-05
4.504048224756382e-06	1.841545e+00	1.841545e-05
4.513813849756381e-06	1.841755e+00	1.841755e-05
4.523579474756381e-06	1.841963e+00	1.841963e-05
4.533345099756381e-06	1.842167e+00	1.842167e-05
4.543110724756380e-06	1.842367e+00	1.842367e-05
4.552876349756380e-06	1.842561e+00	1.842561e-05
4.562641974756379e-06	1.842748e+00	1.842748e-05
4.572407599756379e-06	1.842927e+00	1.842927e-05
4.582173224756379e-06	1.843096e+00	1.843096e-05
4.591938849756378e-06	1.843255e+00	1.843255e-05
4.601704474756378e-06	1.843402e+00	1.843402e-05
4.611470099756377e-06	1.843537e+00	1.843537e-05
4.621235724756377e-06	1.843658e+00	1.843658e-05
4.631001349756377e-06	1.843766e+00	1.843766e-05
4.640766974756376e-06	1.843858e+00	1.843858e-05
4.650532599756376e-06	1.843935e+00	1.843934e-05
4.660298224756375e-06	1.843994e+00	1.843994e-05
4.670063849756375e-06	1.844034e+00	1.844034e-05
4.679829474756375e-06	1.844053e+00	1.844053e-05
4.689595099756374e-06	1.844050e+00	1.844050e-05
4.699360724756374e-06	1.844024e+00	1.844024e-05
4.709126349756373e-06	1.843975e+00	1.843976e-05
4.718891974756373e-06	1.843905e+00	1.843905e-05
4.728657599756373e-06	1.843814e+00	1.843814e-05
4.738423224756372e-06	1.843706e+00	1.843706e-05
4.743025233095631e-06	1.843650e+00	1.843772e-05
4.743037500798355e-06	1.843650e+00	1.843087e-05
4.743061939823423e-06	1.843649e+00	1.843664e-05
4.743086541899355e-06	1.843649e+00	1.843685e-05
4.743131225297245e-06	1.843648e+00	1.843652e-05
4.743337305107448e-06	1.843645e+00	1.843646e-05
4.750736152310166e-06	1.843539e+00	1.843539e-05
4.758134999512883e-06	1.843426e+00	1.843426e-05
4.765533846715601e-06	1.843307e+00	1.843307e-05
4.772932693918320e-06	1.843181e+00	1.843181e-05
4.780331541121037e-06	1.843049e+00	1.843048e-05
4.787730388323755e-06	1.842910e+00	1.842909e-05
4.795129235526473e-06	1.842764e+00	1.842764e-05
4.804894860526472e-06	1.842568e+00	1.842568e-05
4.814660485526472e-06	1.842366e+00	1.842366e-05
4.824426110526472e-06	1.842160e+00	1.842159e-05
4.834191735526471e-06	1.841950e+00	1.841949e-05
4.843957360526471e-06	1.841738e+00	1.841738e-05
4.853722985526470e-06	1.841524e+00	1.841525e-05
4.858329394270288e-06	1.841424e+00	1.841425e-05
4.858791854277908e-06	1.841413e+00	1.841415e-05
4.859716774293150e-06	1.841393e+00	1.841393e-05
4.861566614323632e-06	1.841352e+00	1.841352e-05
4.865266294384597e-06	1.841269e+00	1.841270e-05
4.871333910732974e-06	1.841134e+00	1.841134e-05
4.878037856207059e-06	1.840985e+00	1.840985e-05
4.884662397121719e-06	1.840838e+00	1.840838e-05
4.891701141802950e-06	1.840684e+00	1.840684e-05
4.899877404577267e-06	1.840508e+00	1.840508e-05
4.909643029577267e-06	1.840305e+00	1.840305e-05
4.919408654577267e-06	1.840109e+00	1.840109e-05
4.929174279577266e-06	1.839922e+00	1.839922e-05
4.938939904577266e-06	1.839745e+00	1.839744e-05
4.948705529577265e-06	1.839578e+00	1.839578e-05
4.958471154577265e-06	1.839423e+00	1.839423e-05
4.968236779577265e-06	1.839276e+00	1.839276e-05
4.973520553982309e-06	1.839196e+00	1.839186e-05
4.973537842678410e-06	1.839195e+00	1.839183e-05
4.973572420070610e-06	1.839195e+00	1.839196e-05
4.973618732008757e-06	1.839193e+00	1.839222e-05
4.973673689904597e-06	1.839192e+00	1.839212e-05
4.973741541154512e-06	1.839190e+00	1.839203e-05
4.973872952338538e-06	1.839187e+00	1.839204e-05
4.974063588306690e-06	1.839182e+00	1.839188e-05
4.974444860242995e-06	1.839173e+00	1.839171e-05
4.978711042959928e-06	1.839070e+00	1.839069e-05
4.983306735575359e-06	1.838971e+00	1.838971e-05
4.991844924118781e-06	1.838812e+00	1.838812e-05
5.001610549118781e-06	1.838667e+00	1.838667e-05
5.011376174118780e-06	1.838559e+00	1.838559e-05
5.015625484407245e-06	1.838524e+00	1.838524e-05
5.018607215686183e-06	1.838507e+00	1.838506e-05
5.021330844749872e-06	1.838494e+00	1.838495e-05
5.025308995710416e-06	1.838482e+00	1.838482e-05
5.028620538096078e-06	1.838475e+00	1.838474e-05
5.030694149492371e-06	1.838473e+00	1.838473e-05
5.032819673308547e-06	1.838473e+00	1.838473e-05
5.034132330816870e-06	1.838474e+00	1.838474e-05
5.035391438773552e-06	1.838474e+00	1.838475e-05
5.037892694647097e-06	1.838477e+00	1.838479e-05
5.042895206394189e-06	1.838488e+00	1.838488e-05
5.052660831394189e-06	1.838519e+00	1.838519e-05
5.062426456394188e-06	1.838565e+00	1.838565e-05
5.072192081394188e-06	1.838624e+00	1.838624e-05
5.081957706394187e-06	1.838696e+00	1.838696e-05
5.091723331394187e-06	1.838780e+00	1.838780e-05
5.101488956394187e-06	1.838873e+00	1.838873e-05
5.111254581394186e-06	1.838975e+00	1.838975e-05
5.121020206394186e-06	1.839085e+00	1.839085e-05
5.130785831394185e-06	1.839201e+00	1.839201e-05
5.140551456394185e-06	1.839323e+00	1.839323e-05
5.150317081394185e-06	1.839448e+00	1.839448e-05
5.160082706394184e-06	1.839576e+00	1.839576e-05
5.169848331394184e-06	1.839705e+00	1.839706e-05
5.179613956394183e-06	1.839836e+00	1.839836e-05
5.189379581394183e-06	1.839967e+00	1.839966e-05
5.199145206394183e-06	1.840096e+00	1.840096e-05
5.208910831394182e-06	1.840223e+00	1.840223e-05
5.218676456394182e-06	1.840347e+00	1.840346e-05
5.228442081394181e-06	1.840466e+00	1.840466e-05
5.238207706394181e-06	1.840581e+00	1.840581e-05
5.247973331394181e-06	1.840691e+00	1.840691e-05
5.257738956394180e-06	1.840794e+00	1.840795e-05
5.267504581394180e-06	1.840891e+00	1.840891e-05
5.277270206394179e-06	1.840981e+00	1.840981e-05
5.287035831394179e-06	1.841063e+00	1.841064e-05
5.296801456394179e-06	1.841138e+00	1.841139e-05
5.306567081394178e-06	1.841206e+00	1.841206e-05
5.316332706394178e-06	1.841266e+00	1.841267e-05
5.326098331394177e-06	1.841320e+00	1.841320e-05
5.335863956394177e-06	1.841366e+00	1.841366e-05
5.345629581394177e-06	1.841405e+00	1.841405e-05
5.355395206394176e-06	1.841436e+00	1.841436e-05
5.365160831394176e-06	1.841460e+00	1.841460e-05
5.374926456394175e-06	1.841475e+00	1.841475e-05
5.384692081394175e-06	1.841483e+00	1.841482e-05
5.394457706394175e-06	1.841483e+00	1.841483e-05
5.404223331394174e-06	1.841476e+00	1.841476e-05
5.413988956394174e-06	1.841462e+00	1.841462e-05
5.423754581394174e-06	1.841443e+00	1.841443e-05
5.433520206394173e-06	1.841419e+00	1.841419e-05
5.443285831394173e-06	1.841390e+00	1.841390e-05
5.453051456394172e-06	1.841358e+00	1.841358e-05
5.462817081394172e-06	1.841322e+00	1.841322e-05
5.472582706394172e-06	1.841285e+00	1.841285e-05
5.482348331394171e-06	1.841245e+00	1.841245e-05
5.492113956394171e-06	1.841205e+00	1.841205e-05
5.501879581394170e-06	1.841163e+00	1.841163e-05
5.511645206394170e-06	1.841121e+00	1.841121e-05
5.521410831394170e-06	1.841079e+00	1.841079e-05
5.531176456394169e-06	1.841037e+00	1.841037e-05
5.540942081394169e-06	1.840996e+00	1.840996e-05
5.550707706394168e-06	1.840955e+00	1.840955e-05
5.560473331394168e-06	1.840914e+00	1.840914e-05
5.570238956394168e-06	1.840873e+00	1.840873e-05
5.580004581394167e-06	1.840832e+00	1.840832e-05
5.589770206394167e-06	1.840791e+00	1.840791e-05
5.599535831394166e-06	1.840751e+00	1.840751e-05
5.609301456394166e-06	1.840712e+00	1.840712e-05
5.619067081394166e-06	1.840675e+00	1.840675e-05
5.628832706394165e-06	1.840641e+00	1.840642e-05
5.638598331394165e-06	1.840612e+00	1.840612e-05
5.648363956394164e-06	1.840587e+00	1.840587e-05
5.658129581394164e-06	1.840566e+00	1.840566e-05
5.667895206394164e-06	1.840551e+00	1.840551e-05
5.677660831394163e-06	1.840539e+00	1.840539e-05
5.687426456394163e-06	1.840532e+00	1.840532e-05
5.697192081394162e-06	1.840528e+00	1.840529e-05
5.706957706394162e-06	1.840528e+00	1.840528e-05
5.716723331394162e-06	1.840531e+00	1.840531e-05
5.726488956394161e-06	1.840536e+00	1.840537e-05
5.736254581394161e-06	1.840544e+00	1.840544e-05
5.746020206394160e-06	1.840553e+00	1.840553e-05
5.755785831394160e-06	1.840563e+00	1.840563e-05
5.765551456394160e-06	1.840575e+00	1.840574e-05
5.775317081394159e-06	1.840587e+00	1.840587e-05
5.785082706394159e-06	1.840600e+00	1.840600e-05
5.794848331394158e-06	1.840613e+00	1.840613e-05
5.804613956394158e-06	1.840628e+00	1.840628e-05
5.814379581394158e-06	1.840642e+00	1.840642e-05
5.824145206394157e-06	1.840658e+00	1.840658e-05
5.833910831394157e-06	1.840675e+00	1.840675e-05
5.853442081394156e-06	1.840712e+00	1.840712e-05
5.863207706394156e-06	1.840733e+00	1.840733e-05
5.872973331394155e-06	1.840754e+00	1.840754e-05
5.882738956394155e-06	1.840774e+00	1.840774e-05
5.892504581394154e-06	1.840794e+00	1.840793e-05
5.902270206394154e-06	1.840811e+00	1.840811e-05
5.912035831394154e-06	1.840826e+00	1.840826e-05
5.921801456394153e-06	1.840838e+00	1.840838e-05
5.931567081394153e-06	1.840847e+00	1.840847e-05
5.941332706394152e-06	1.840852e+00	1.840853e-05
5.951098331394152e-06	1.840855e+00	1.840855e-05
5.960863956394152e-06	1.840855e+00	1.840855e-05
5.970629581394151e-06	1.840852e+00	1.840853e-05
5.980395206394151e-06	1.840848e+00	1.840848e-05
5.990160831394150e-06	1.840843e+00	1.840842e-05
5.999926456394150e-06	1.840836e+00	1.840836e-05
6.009692081394150e-06	1.840830e+00	1.840830e-05
6.019457706394149e-06	1.840824e+00	1.840825e-05
6.029223331394149e-06	1.840820e+00	1.840820e-05
6.038988956394148e-06	1.840817e+00	1.840818e-05
6.048754581394148e-06	1.840817e+00	1.840817e-05
6.058520206394148e-06	1.840819e+00	1.840819e-05
6.068285831394147e-06	1.840823e+00	1.840823e-05
6.078051456394147e-06	1.840831e+00	1.840830e-05
6.087817081394146e-06	1.840841e+00	1.840841e-05
6.097582706394146e-06	1.840854e+00	1.840855e-05
6.107348331394146e-06	1.840871e+00	1.840870e-05
6.117113956394145e-06	1.840890e+00	1.840889e-05
6.126879581394145e-06	1.840911e+00	1.840911e-05
6.136645206394144e-06	1.840936e+00	1.840936e-05
6.146410831394144e-06	1.840964e+00	1.840964e-05
6.156176456394144e-06	1.840996e+00	1.840995e-05
6.165942081394143e-06	1.841031e+00	1.841031e-05
6.175707706394143e-06	1.841071e+00	1.841071e-05
6.185473331394142e-06	1.841116e+00	1.841116e-05
6.195238956394142e-06	1.841166e+00	1.841166e-05
6.205004581394142e-06	1.841221e+00	1.841221e-05
6.214770206394141e-06	1.841280e+00	1.841280e-05
6.224535831394141e-06	1.841343e+00	1.841343e-05
6.234301456394140e-06	1.841410e+00	1.841410e-05
6.244067081394140e-06	1.841480e+00	1.841479e-05
6.253832706394140e-06	1.841552e+00	1.841551e-05
6.263598331394139e-06	1.841624e+00	1.841624e-05
6.273363956394139e-06	1.841697e+00	1.841697e-05
6.283129581394138e-06	1.841769e+00	1.841769e-05
6.292895206394138e-06	1.841837e+00	1.841838e-05
6.302660831394138e-06	1.841903e+00	1.841903e-05
6.312426456394137e-06	1.841964e+00	1.841964e-05
6.322192081394137e-06	1.842019e+00	1.842020e-05
6.331957706394136e-06	1.842069e+00	1.842069e-05
6.341723331394136e-06	1.842111e+00	1.842111e-05
6.351488956394136e-06	1.842147e+00	1.842147e-05
6.361254581394135e-06	1.842174e+00	1.842174e-05
6.371020206394135e-06	1.842193e+00	1.842192e-05
6.380785831394135e-06	1.842202e+00	1.842202e-05
6.390551456394134e-06	1.842203e+00	1.842203e-05
6.400317081394134e-06	1.842194e+00	1.842194e-05
6.410082706394133e-06	1.842174e+00	1.842174e-05
6.419848331394133e-06	1.842144e+00	1.842144e-05
6.429613956394133e-06	1.842103e+00	1.842103e-05
6.439379581394132e-06	1.842051e+00	1.842051e-05
6.449145206394132e-06	1.841988e+00	1.841988e-05
6.458910831394131e-06	1.841913e+00	1.841913e-05
6.468676456394131e-06	1.841827e+00	1.841827e-05
6.477098186434345e-06	1.841746e+00	1.841765e-05
6.477117259920673e-06	1.841746e+00	1.841756e-05
6.477155406893330e-06	1.841746e+00	1.841737e-05
6.477182444194203e-06	1.841745e+00	1.841757e-05
6.477219248612253e-06	1.841745e+00	1.841791e-05
6.477575231495858e-06	1.841741e+00	1.841750e-05
6.481052465266551e-06	1.841703e+00	1.841708e-05
6.484529699037243e-06	1.841664e+00	1.841666e-05
6.488006932807935e-06	1.841624e+00	1.841623e-05
6.491484166578628e-06	1.841583e+00	1.841580e-05
6.494961400349320e-06	1.841540e+00	1.841538e-05
6.498438634120012e-06	1.841496e+00	1.841494e-05
6.501915867890705e-06	1.841452e+00	1.841451e-05
6.511681492890704e-06	1.841321e+00	1.841321e-05
6.521447117890704e-06	1.841183e+00	1.841183e-05
6.531212742890704e-06	1.841039e+00	1.841040e-05
6.531365330781329e-06	1.841037e+00	1.841039e-05
6.532280858125079e-06	1.841023e+00	1.841027e-05
6.533501561250079e-06	1.841004e+00	1.841006e-05
6.535942967500079e-06	1.840966e+00	1.840967e-05
6.540692018426911e-06	1.840890e+00	1.840891e-05
6.547269721667513e-06	1.840783e+00	1.840783e-05
6.554286350284220e-06	1.840666e+00	1.840666e-05
6.561449080182730e-06	1.840544e+00	1.840544e-05
6.569532487258259e-06	1.840404e+00	1.840403e-05
6.579275837230825e-06	1.840232e+00	1.840232e-05
6.589041462230825e-06	1.840059e+00	1.840059e-05
6.598807087230824e-06	1.839887e+00	1.839886e-05
6.608572712230824e-06	1.839715e+00	1.839715e-05
6.618338337230824e-06	1.839544e+00	1.839544e-05
6.628103962230823e-06	1.839376e+00	1.839376e-05
6.637869587230823e-06	1.839207e+00	1.839207e-05
6.645304455936022e-06	1.839075e+00	1.839079e-05
6.645323529422350e-06	1.839075e+00	1.839064e-05
6.645361676395006e-06	1.839074e+00	1.839036e-05
6.645394725154137e-06	1.839073e+00	1.839046e-05
6.645442419771948e-06	1.839071e+00	1.839071e-05
6.645488477460312e-06	1.839070e+00	1.839091e-05
6.645567403683967e-06	1.839067e+00	1.839091e-05
6.645678883252402e-06	1.839064e+00	1.839067e-05
6.645861538721746e-06	1.839058e+00	1.839059e-05
6.646181403525241e-06	1.839047e+00	1.839054e-05
6.647676220663394e-06	1.838997e+00	1.839000e-05
6.658300240276726e-06	1.838668e+00	1.838669e-05
6.668065865276726e-06	1.838396e+00	1.838396e-05
6.677831490276725e-06	1.838152e+00	1.838152e-05
6.687597115276725e-06	1.837940e+00	1.837939e-05
6.697362740276724e-06	1.837760e+00	1.837760e-05
6.707128365276724e-06	1.837614e+00	1.837614e-05
6.716893990276724e-06	1.837498e+00	1.837498e-05
6.725055392485006e-06	1.837428e+00	1.837428e-05
6.727358163863566e-06	1.837413e+00	1.837413e-05
6.729640269954614e-06	1.837401e+00	1.837401e-05
6.733624394818455e-06	1.837385e+00	1.837384e-05
6.737657823833866e-06	1.837373e+00	1.837372e-05
6.740217263986330e-06	1.837368e+00	1.837367e-05
6.743771931339208e-06	1.837366e+00	1.837365e-05
6.745445884412949e-06	1.837366e+00	1.837366e-05
6.747081010453788e-06	1.837366e+00	1.837367e-05
6.750270725312924e-06	1.837369e+00	1.837370e-05
6.754253122317557e-06	1.837376e+00	1.837376e-05
6.761800698883255e-06	1.837397e+00	1.837397e-05
6.771566323883255e-06	1.837435e+00	1.837435e-05
6.781331948883255e-06	1.837487e+00	1.837487e-05
6.791097573883254e-06	1.837552e+00	1.837552e-05
6.800863198883254e-06	1.837630e+00	1.837630e-05
6.810628823883253e-06	1.837720e+00	1.837720e-05
6.820394448883253e-06	1.837821e+00	1.837820e-05
6.830160073883253e-06	1.837933e+00	1.837932e-05
6.839925698883252e-06	1.838055e+00	1.838054e-05
6.849691323883252e-06	1.838187e+00	1.838186e-05
6.859456948883251e-06	1.838327e+00	1.838327e-05
6.869222573883251e-06	1.838475e+00	1.838475e-05
6.878988198883251e-06	1.838631e+00	1.838631e-05
6.888753823883250e-06	1.838793e+00	1.838793e-05
6.898519448883250e-06	1.838959e+00	1.838960e-05
6.908285073883249e-06	1.839129e+00	1.839129e-05
6.918050698883249e-06	1.839302e+00	1.839301e-05
6.927816323883249e-06	1.839475e+00	1.839475e-05
6.937581948883248e-06	1.839649e+00	1.839649e-05
6.947347573883248e-06	1.839821e+00	1.839822e-05
6.957113198883247e-06	1.839992e+00	1.839992e-05
6.966878823883247e-06	1.840160e+00	1.840160e-05
6.976644448883247e-06	1.840323e+00	1.840323e-05
6.986410073883246e-06	1.840481e+00	1.840481e-05
6.996175698883246e-06	1.840633e+00	1.840633e-05
7.005941323883246e-06	1.840777e+00	1.840777e-05
7.015706948883245e-06	1.840913e+00	1.840914e-05
7.025472573883245e-06	1.841041e+00	1.841041e-05
7.035238198883244e-06	1.841159e+00	1.841159e-05
7.045003823883244e-06	1.841267e+00	1.841267e-05
7.054769448883244e-06	1.841365e+00	1.841365e-05
7.064535073883243e-06	1.841452e+00	1.841452e-05
7.074300698883243e-06	1.841527e+00	1.841527e-05
7.084066323883242e-06	1.841588e+00	1.841588e-05
7.093831948883242e-06	1.841635e+00	1.841635e-05
7.103597573883242e-06	1.841668e+00	1.841668e-05
7.113363198883241e-06	1.841684e+00	1.841684e-05
7.123128823883241e-06	1.841684e+00	1.841684e-05
7.132894448883240e-06	1.841668e+00	1.841668e-05
7.142660073883240e-06	1.841635e+00	1.841635e-05
7.152425698883240e-06	1.841587e+00	1.841587e-05
7.162191323883239e-06	1.841522e+00	1.841522e-05
7.171956948883239e-06	1.841442e+00	1.841442e-05
7.181722573883238e-06	1.841348e+00	1.841349e-05
7.191488198883238e-06	1.841243e+00	1.841243e-05
7.194477110702535e-06	1.841208e+00	1.841310e-05
7.194512710228008e-06	1.841208e+00	1.841084e-05
7.194532286196434e-06	1.841207e+00	1.841163e-05
7.194571438133287e-06	1.841207e+00	1.841233e-05
7.194649742006993e-06	1.841206e+00	1.841235e-05
7.201300654942026e-06	1.841120e+00	1.841133e-05
7.207951567877059e-06	1.841030e+00	1.841031e-05
7.214602480812092e-06	1.840936e+00	1.840929e-05
7.221253393747125e-06	1.840839e+00	1.840828e-05
7.227904306682158e-06	1.840738e+00	1.840727e-05
7.234555219617191e-06	1.840634e+00	1.840625e-05
7.241206132552224e-06	1.840525e+00	1.840525e-05
7.250971757552224e-06	1.840364e+00	1.840363e-05
7.260737382552223e-06	1.840198e+00	1.840198e-05
7.270503007552223e-06	1.840030e+00	1.840030e-05
7.280268632552222e-06	1.839860e+00	1.839860e-05
7.290034257552222e-06	1.839689e+00	1.839690e-05
7.299799882552222e-06	1.839518e+00	1.839519e-05
7.306230576495394e-06	1.839406e+00	1.839406e-05
7.309227264289191e-06	1.839353e+00	1.839353e-05
7.311434168819346e-06	1.839315e+00	1.839315e-05
7.313599007378583e-06	1.839276e+00	1.839278e-05
7.317928684497056e-06	1.839200e+00	1.839200e-05
7.324404672666112e-06	1.839085e+00	1.839085e-05
7.331475344541534e-06	1.838960e+00	1.838960e-05
7.338661230473487e-06	1.838836e+00	1.838836e-05
7.346673297418823e-06	1.838702e+00	1.838702e-05
7.356318988148397e-06	1.838547e+00	1.838546e-05
7.366084613148396e-06	1.838399e+00	1.838398e-05
7.375850238148396e-06	1.838262e+00	1.838262e-05
7.385615863148396e-06	1.838138e+00	1.838138e-05
7.395381488148395e-06	1.838029e+00	1.838029e-05
7.405147113148395e-06	1.837936e+00	1.837936e-05
7.414912738148394e-06	1.837860e+00	1.837861e-05
7.428438772993031e-06	1.837783e+00	1.837783e-05
7.432836200241608e-06	1.837767e+00	1.837768e-05
7.434692539269200e-06	1.837762e+00	1.837762e-05
7.438405217324385e-06	1.837754e+00	1.837754e-05
7.444937387448360e-06	1.837747e+00	1.837747e-05
7.452065290471943e-06	1.837748e+00	1.837748e-05
7.460503766199230e-06	1.837763e+00	1.837764e-05
7.470269391199230e-06	1.837798e+00	1.837798e-05
7.480035016199229e-06	1.837850e+00	1.837850e-05
7.489800641199229e-06	1.837919e+00	1.837919e-05
7.499566266199228e-06	1.838002e+00	1.838002e-05
7.509331891199228e-06	1.838099e+00	1.838099e-05
7.519097516199228e-06	1.838208e+00	1.838208e-05
7.528863141199227e-06	1.838329e+00	1.838329e-05
7.538628766199227e-06	1.838459e+00	1.838459e-05
7.548394391199226e-06	1.838598e+00	1.838598e-05
7.558160016199226e-06	1.838746e+00	1.838746e-05
7.567925641199226e-06	1.838902e+00	1.838902e-05
7.577691266199225e-06	1.839064e+00	1.839064e-05
7.587456891199225e-06	1.839232e+00	1.839231e-05
7.597222516199224e-06	1.839404e+00	1.839403e-05
7.606988141199224e-06	1.839578e+00	1.839578e-05
7.616753766199224e-06	1.839754e+00	1.839754e-05
7.626519391199223e-06	1.839931e+00	1.839931e-05
7.636285016199223e-06	1.840106e+00	1.840106e-05
7.646050641199223e-06	1.840277e+00	1.840277e-05
7.655816266199222e-06	1.840445e+00	1.840444e-05
7.665581891199222e-06	1.840606e+00	1.840606e-05
7.675347516199221e-06	1.840760e+00	1.840761e-05
7.685113141199221e-06	1.840906e+00	1.840906e-05
7.694878766199221e-06	1.841043e+00	1.841042e-05
7.704644391199220e-06	1.841168e+00	1.841167e-05
7.714410016199220e-06	1.841282e+00	1.841281e-05
7.724175641199219e-06	1.841383e+00	1.841383e-05
7.733941266199219e-06	1.841471e+00	1.841471e-05
7.743706891199219e-06	1.841546e+00	1.841545e-05
7.753472516199218e-06	1.841606e+00	1.841606e-05
7.763238141199218e-06	1.841651e+00	1.841651e-05
7.773003766199217e-06	1.841682e+00	1.841682e-05
7.782769391199217e-06	1.841698e+00	1.841698e-05
7.792535016199217e-06	1.841699e+00	1.841700e-05
7.802300641199216e-06	1.841687e+00	1.841687e-05
7.812066266199216e-06	1.841660e+00	1.841660e-05
7.821831891199215e-06	1.841619e+00	1.841619e-05
7.831597516199215e-06	1.841566e+00	1.841566e-05
7.841363141199215e-06	1.841500e+00	1.841500e-05
7.851128766199214e-06	1.841423e+00	1.841423e-05
7.860894391199214e-06	1.841334e+00	1.841334e-05
7.870660016199213e-06	1.841235e+00	1.841235e-05
7.879385867600652e-06	1.841140e+00	1.841136e-05
7.879404941086980e-06	1.841140e+00	1.841135e-05
7.879443088059636e-06	1.841140e+00	1.841132e-05
7.879474025095423e-06	1.841139e+00	1.841132e-05
7.879594310794996e-06	1.841138e+00	1.841113e-05
7.883966772737432e-06	1.841085e+00	1.841075e-05
7.888339234679867e-06	1.841031e+00	1.841032e-05
7.892711696622303e-06	1.840975e+00	1.840984e-05
7.897084158564739e-06	1.840918e+00	1.840930e-05
7.901456620507176e-06	1.840859e+00	1.840871e-05
7.905829082449610e-06	1.840799e+00	1.840807e-05
7.910201544392046e-06	1.840738e+00	1.840737e-05
7.919967169392046e-06	1.840597e+00	1.840597e-05
7.929732794392046e-06	1.840452e+00	1.840452e-05
7.939498419392045e-06	1.840304e+00	1.840303e-05
7.949264044392045e-06	1.840153e+00	1.840153e-05
7.959029669392044e-06	1.840001e+00	1.840001e-05
7.968795294392044e-06	1.839847e+00	1.839848e-05
7.978560919392044e-06	1.839694e+00	1.839695e-05
7.988326544392043e-06	1.839542e+00	1.839543e-05
7.994766965868931e-06	1.839442e+00	1.839449e-05
7.996041270954176e-06	1.839422e+00	1.839419e-05
7.997497619623027e-06	1.839399e+00	1.839398e-05
8.000410316960730e-06	1.839354e+00	1.839354e-05
8.006235711636134e-06	1.839263e+00	1.839263e-05
8.013783852493224e-06	1.839146e+00	1.839145e-05
8.021075880273744e-06	1.839034e+00	1.839033e-05
8.029199639560280e-06	1.838912e+00	1.838912e-05
8.038570167553392e-06	1.838776e+00	1.838776e-05
8.048335792553392e-06	1.838639e+00	1.838640e-05
8.058101417553392e-06	1.838510e+00	1.838510e-05
8.077632667553391e-06	1.838271e+00	1.838272e-05
8.087398292553390e-06	1.838165e+00	1.838165e-05
8.097163917553390e-06	1.838067e+00	1.838066e-05
8.106929542553390e-06	1.837978e+00	1.837978e-05
8.116695167553389e-06	1.837899e+00	1.837900e-05
8.126460792553389e-06	1.837832e+00	1.837832e-05
8.142806835224519e-06	1.837742e+00	1.837740e-05
8.146017554813710e-06	1.837728e+00	1.837729e-05
8.149105962104601e-06	1.837717e+00	1.837717e-05
8.155282776686382e-06	1.837699e+00	1.837699e-05
8.165048401686382e-06	1.837677e+00	1.837677e-05
8.170057698748797e-06	1.837670e+00	1.837670e-05
8.175073576829268e-06	1.837667e+00	1.837667e-05
8.179825929950476e-06	1.837667e+00	1.837667e-05
8.184177232143749e-06	1.837671e+00	1.837671e-05
8.192879836530294e-06	1.837685e+00	1.837685e-05
8.202645461530294e-06	1.837710e+00	1.837710e-05
8.212411086530294e-06	1.837745e+00	1.837745e-05
8.222176711530293e-06	1.837790e+00	1.837790e-05
8.231942336530293e-06	1.837844e+00	1.837843e-05
8.241707961530292e-06	1.837906e+00	1.837906e-05
8.251473586530292e-06	1.837977e+00	1.837977e-05
8.261239211530292e-06	1.838055e+00	1.838055e-05
8.271004836530291e-06	1.838140e+00	1.838139e-05
8.280770461530291e-06	1.838230e+00	1.838230e-05
8.290536086530290e-06	1.838325e+00	1.838325e-05
8.300301711530290e-06	1.838424e+00	1.838424e-05
8.310067336530290e-06	1.838526e+00	1.838526e-05
8.319832961530289e-06	1.838630e+00	1.838630e-05
8.329598586530289e-06	1.838737e+00	1.838737e-05
8.339364211530288e-06	1.838844e+00	1.838844e-05
8.349129836530288e-06	1.838951e+00	1.838951e-05
8.358895461530288e-06	1.839057e+00	1.839057e-05
8.368661086530287e-06	1.839161e+00	1.839161e-05
8.378426711530287e-06	1.839262e+00	1.839262e-05
8.388192336530286e-06	1.839361e+00	1.839360e-05
8.397957961530286e-06	1.839456e+00	1.839456e-05
8.407723586530286e-06	1.839547e+00	1.839547e-05
8.417489211530285e-06	1.839634e+00	1.839634e-05
8.427254836530285e-06	1.839717e+00	1.839717e-05
8.437020461530284e-06	1.839796e+00	1.839796e-05
8.446786086530284e-06	1.839870e+00	1.839870e-05
8.456551711530284e-06	1.839940e+00	1.839940e-05
8.466317336530283e-06	1.840005e+00	1.840005e-05
8.476082961530283e-06	1.840064e+00	1.840064e-05
8.485848586530282e-06	1.840119e+00	1.840119e-05
8.495614211530282e-06	1.840167e+00	1.840167e-05
8.505379836530282e-06	1.840209e+00	1.840209e-05
8.515145461530281e-06	1.840245e+00	1.840244e-05
8.524911086530281e-06	1.840274e+00	1.840274e-05
8.534676711530280e-06	1.840296e+00	1.840296e-05
8.544442336530280e-06	1.840312e+00	1.840312e-05
8.554207961530280e-06	1.840323e+00	1.840323e-05
8.563973586530279e-06	1.840328e+00	1.840328e-05
8.573739211530279e-06	1.840330e+00	1.840329e-05
8.583504836530278e-06	1.840327e+00	1.840327e-05
8.593270461530278e-06	1.840321e+00	1.840321e-05
8.603036086530278e-06	1.840313e+00	1.840313e-05
8.612801711530277e-06	1.840302e+00	1.840302e-05
8.622567336530277e-06	1.840291e+00	1.840290e-05
8.632332961530276e-06	1.840278e+00	1.840278e-05
8.642098586530276e-06	1.840265e+00	1.840265e-05
8.651864211530276e-06	1.840252e+00	1.840252e-05
8.661629836530275e-06	1.840240e+00	1.840240e-05
8.671395461530275e-06	1.840227e+00	1.840227e-05
8.681161086530274e-06	1.840216e+00	1.840215e-05
8.690926711530274e-06	1.840204e+00	1.840204e-05
8.700692336530274e-06	1.840193e+00	1.840192e-05
8.710457961530273e-06	1.840181e+00	1.840180e-05
8.720223586530273e-06	1.840169e+00	1.840169e-05
8.729989211530272e-06	1.840157e+00	1.840157e-05
8.739754836530272e-06	1.840144e+00	1.840144e-05
8.749520461530272e-06	1.840131e+00	1.840131e-05
8.759286086530271e-06	1.840118e+00	1.840118e-05
8.769051711530271e-06	1.840106e+00	1.840106e-05
8.778817336530270e-06	1.840093e+00	1.840093e-05
8.788582961530270e-06	1.840081e+00	1.840081e-05
8.798348586530270e-06	1.840069e+00	1.840069e-05
8.808114211530269e-06	1.840058e+00	1.840058e-05
8.817879836530269e-06	1.840047e+00	1.840047e-05
8.827645461530268e-06	1.840035e+00	1.840036e-05
8.837411086530268e-06	1.840024e+00	1.840024e-05
8.847176711530268e-06	1.840011e+00	1.840011e-05
8.856942336530267e-06	1.839997e+00	1.839997e-05
8.866707961530267e-06	1.839981e+00	1.839981e-05
8.876473586530267e-06	1.839963e+00	1.839963e-05
8.886239211530266e-06	1.839942e+00	1.839942e-05
8.896004836530266e-06	1.839918e+00	1.839918e-05
8.905770461530265e-06	1.839891e+00	1.839890e-05
8.915536086530265e-06	1.839860e+00	1.839860e-05
8.925301711530265e-06	1.839826e+00	1.839826e-05
8.935067336530264e-06	1.839789e+00	1.839790e-05
8.944832961530264e-06	1.839749e+00	1.839750e-05
8.954598586530263e-06	1.839707e+00	1.839707e-05
8.964364211530263e-06	1.839662e+00	1.839663e-05
8.974129836530263e-06	1.839617e+00	1.839617e-05
8.983895461530262e-06	1.839571e+00	1.839571e-05
8.993661086530262e-06	1.839525e+00	1.839525e-05
9.003426711530261e-06	1.839479e+00	1.839479e-05
9.013192336530261e-06	1.839435e+00	1.839435e-05
9.022957961530261e-06	1.839393e+00	1.839392e-05
9.032723586530260e-06	1.839352e+00	1.839352e-05
9.042489211530260e-06	1.839314e+00	1.839313e-05
9.052254836530259e-06	1.839278e+00	1.839277e-05
9.062020461530259e-06	1.839244e+00	1.839244e-05
9.071786086530259e-06	1.839214e+00	1.839214e-05
9.081551711530258e-06	1.839187e+00	1.839187e-05
9.091317336530258e-06	1.839163e+00	1.839163e-05
9.101082961530257e-06	1.839142e+00	1.839142e-05
9.110848586530257e-06	1.839126e+00	1.839126e-05
9.120614211530257e-06	1.839115e+00	1.839115e-05
9.130379836530256e-06	1.839109e+00	1.839109e-05
9.140145461530256e-06	1.839109e+00	1.839109e-05
9.149911086530255e-06	1.839115e+00	1.839116e-05
9.159676711530255e-06	1.839128e+00	1.839129e-05
9.169442336530255e-06	1.839149e+00	1.839149e-05
9.179207961530254e-06	1.839176e+00	1.839177e-05
9.188973586530254e-06	1.839211e+00	1.839212e-05
9.198739211530253e-06	1.839253e+00	1.839254e-05
9.208504836530253e-06	1.839302e+00	1.839302e-05
9.218270461530253e-06	1.839357e+00	1.839357e-05
9.228036086530252e-06	1.839418e+00	1.839418e-05
9.237801711530252e-06	1.839484e+00	1.839484e-05
9.247567336530251e-06	1.839555e+00	1.839555e-05
9.257332961530251e-06	1.839629e+00	1.839629e-05
9.267098586530251e-06	1.839706e+00	1.839706e-05
9.276864211530250e-06	1.839787e+00	1.839787e-05
9.286629836530250e-06	1.839869e+00	1.839869e-05
9.296395461530249e-06	1.839952e+00	1.839952e-05
9.306161086530249e-06	1.840037e+00	1.840037e-05
9.315926711530249e-06	1.840122e+00	1.840122e-05
9.325692336530248e-06	1.840207e+00	1.840207e-05
9.335457961530248e-06	1.840291e+00	1.840291e-05
9.345223586530247e-06	1.840375e+00	1.840375e-05
9.354989211530247e-06	1.840456e+00	1.840456e-05
9.364754836530247e-06	1.840536e+00	1.840536e-05
9.374520461530246e-06	1.840613e+00	1.840613e-05
9.384286086530246e-06	1.840686e+00	1.840686e-05
9.394051711530245e-06	1.840754e+00	1.840754e-05
9.403817336530245e-06	1.840818e+00	1.840817e-05
9.413582961530245e-06	1.840875e+00	1.840875e-05
9.423348586530244e-06	1.840927e+00	1.840927e-05
9.433114211530244e-06	1.840971e+00	1.840971e-05
9.442879836530243e-06	1.841008e+00	1.841008e-05
9.452645461530243e-06	1.841037e+00	1.841037e-05
9.462411086530243e-06	1.841057e+00	1.841057e-05
9.472176711530242e-06	1.841069e+00	1.841068e-05
9.481942336530242e-06	1.841071e+00	1.841071e-05
9.491707961530241e-06	1.841064e+00	1.841064e-05
9.501473586530241e-06	1.841047e+00	1.841047e-05
9.511239211530241e-06	1.841021e+00	1.841021e-05
9.521004836530240e-06	1.840984e+00	1.840984e-05
9.530770461530240e-06	1.840938e+00	1.840938e-05
9.540536086530239e-06	1.840882e+00	1.840882e-05
9.550301711530239e-06	1.840817e+00	1.840817e-05
9.560067336530239e-06	1.840743e+00	1.840743e-05
9.569832961530238e-06	1.840659e+00	1.840660e-05
9.579598586530238e-06	1.840567e+00	1.840567e-05
9.589364211530237e-06	1.840467e+00	1.840467e-05
9.597822625803117e-06	1.840376e+00	1.840382e-05
9.597841699289444e-06	1.840376e+00	1.840383e-05
9.597879846262101e-06	1.840375e+00	1.840387e-05
9.597908905071405e-06	1.840375e+00	1.840387e-05
9.598024983217238e-06	1.840373e+00	1.840377e-05
9.599849991277508e-06	1.840352e+00	1.840354e-05
9.601674999337778e-06	1.840331e+00	1.840331e-05
9.603500007398047e-06	1.840309e+00	1.840308e-05
9.605325015458315e-06	1.840287e+00	1.840286e-05
9.607150023518585e-06	1.840264e+00	1.840263e-05
9.608975031578854e-06	1.840242e+00	1.840241e-05
9.610800039639124e-06	1.840219e+00	1.840219e-05
9.620565664639123e-06	1.840093e+00	1.840092e-05
9.630331289639123e-06	1.839961e+00	1.839961e-05
9.636892926010801e-06	1.839870e+00	1.839884e-05
9.637045513901426e-06	1.839868e+00	1.839884e-05
9.637961041245177e-06	1.839855e+00	1.839857e-05
9.639181744370176e-06	1.839837e+00	1.839837e-05
9.641623150620177e-06	1.839801e+00	1.839801e-05
9.646036409141127e-06	1.839736e+00	1.839735e-05
9.653485626602673e-06	1.839622e+00	1.839622e-05
9.660598027567356e-06	1.839511e+00	1.839511e-05
9.668783493323106e-06	1.839380e+00	1.839380e-05
9.677376408131227e-06	1.839239e+00	1.839239e-05
9.687142033131227e-06	1.839075e+00	1.839075e-05
9.696907658131226e-06	1.838909e+00	1.838909e-05
9.706673283131226e-06	1.838740e+00	1.838741e-05
9.716438908131226e-06	1.838569e+00	1.838569e-05
9.726204533131225e-06	1.838390e+00	1.838390e-05
9.734091773586379e-06	1.838237e+00	1.838520e-05
9.734094157772171e-06	1.838237e+00	1.838490e-05
9.734098926143753e-06	1.838237e+00	1.838307e-05
9.734108462886916e-06	1.838237e+00	1.838089e-05
9.734127536373244e-06	1.838236e+00	1.838196e-05
9.734148172287362e-06	1.838236e+00	1.838265e-05
9.734174380110483e-06	1.838235e+00	1.838291e-05
9.734226795756725e-06	1.838233e+00	1.838268e-05
9.734330570446545e-06	1.838229e+00	1.838221e-05
9.734538119826187e-06	1.838222e+00	1.838222e-05
9.734953218585470e-06	1.838206e+00	1.838212e-05
9.735783416104035e-06	1.838175e+00	1.838174e-05
9.747406181363942e-06	1.837759e+00	1.837759e-05
9.757171806363942e-06	1.837433e+00	1.837433e-05
9.766937431363942e-06	1.837129e+00	1.837129e-05
9.776703056363941e-06	1.836852e+00	1.836852e-05
9.786468681363941e-06	1.836601e+00	1.836601e-05
9.796234306363940e-06	1.836380e+00	1.836379e-05
9.805999931363940e-06	1.836187e+00	1.836187e-05
9.815765556363940e-06	1.836025e+00	1.836025e-05
9.825531181363939e-06	1.835891e+00	1.835891e-05
9.833436776046655e-06	1.835806e+00	1.835807e-05
9.836821958113889e-06	1.835778e+00	1.835778e-05
9.838725708187680e-06	1.835764e+00	1.835765e-05
9.842533208335261e-06	1.835741e+00	1.835742e-05
9.850148208630422e-06	1.835707e+00	1.835708e-05
9.853493895922489e-06	1.835698e+00	1.835698e-05
9.856599579955358e-06	1.835694e+00	1.835694e-05
9.859106211152859e-06	1.835692e+00	1.835693e-05
9.860790069724693e-06	1.835692e+00	1.835693e-05
9.862470299502167e-06	1.835693e+00	1.835693e-05
9.864711178159827e-06	1.835696e+00	1.835695e-05
9.868071184877609e-06	1.835701e+00	1.835700e-05
9.873643189644513e-06	1.835715e+00	1.835714e-05
9.883408814644513e-06	1.835752e+00	1.835751e-05
9.893174439644512e-06	1.835802e+00	1.835803e-05
9.902940064644512e-06	1.835868e+00	1.835869e-05
9.912705689644511e-06	1.835948e+00	1.835948e-05
9.922471314644511e-06	1.836041e+00	1.836041e-05
9.932236939644511e-06	1.836145e+00	1.836145e-05
9.942002564644510e-06	1.836261e+00	1.836261e-05
9.951768189644510e-06	1.836387e+00	1.836387e-05
9.961533814644509e-06	1.836522e+00	1.836522e-05
9.971299439644509e-06	1.836666e+00	1.836666e-05
9.981065064644509e-06	1.836818e+00	1.836818e-05
9.990830689644508e-06	1.836978e+00	1.836979e-05
9.999999999999999e-06	1.837134e+00	1.837134e-05
