    0.00000E+00    0.49999E+00   -0.93591E-02   -0.47895E+01
    0.19531E-02    0.49996E+00   -0.18709E-01   -0.47846E+01
    0.39062E-02    0.49992E+00   -0.28048E-01   -0.47795E+01
    0.58594E-02    0.49985E+00   -0.37378E-01   -0.47743E+01
    0.78125E-02    0.49977E+00   -0.46697E-01   -0.47689E+01
    0.97656E-02    0.49967E+00   -0.56005E-01   -0.47634E+01
    0.11719E-01    0.49955E+00   -0.65302E-01   -0.47577E+01
    0.13672E-01    0.49942E+00   -0.74587E-01   -0.47518E+01
    0.15625E-01    0.49926E+00   -0.83861E-01   -0.47458E+01
    0.17578E-01    0.49909E+00   -0.93123E-01   -0.47397E+01
    0.19531E-01    0.49890E+00   -0.10237E+00   -0.47334E+01
    0.21484E-01    0.49869E+00   -0.11161E+00   -0.47269E+01
    0.23438E-01    0.49846E+00   -0.12083E+00   -0.47203E+01
    0.25391E-01    0.49822E+00   -0.13004E+00   -0.47136E+01
    0.27344E-01    0.49795E+00   -0.13924E+00   -0.47067E+01
    0.29297E-01    0.49767E+00   -0.14842E+00   -0.46996E+01
    0.31250E-01    0.49737E+00   -0.15759E+00   -0.46924E+01
    0.33203E-01    0.49706E+00   -0.16675E+00   -0.46850E+01
    0.35156E-01    0.49672E+00   -0.17589E+00   -0.46775E+01
    0.37109E-01    0.49637E+00   -0.18501E+00   -0.46699E+01
    0.39062E-01    0.49600E+00   -0.19412E+00   -0.46621E+01
    0.41016E-01    0.49561E+00   -0.20322E+00   -0.46541E+01
    0.42969E-01    0.49521E+00   -0.21230E+00   -0.46460E+01
    0.44922E-01    0.49478E+00   -0.22136E+00   -0.46377E+01
    0.46875E-01    0.49434E+00   -0.23041E+00   -0.46293E+01
    0.48828E-01    0.49388E+00   -0.23944E+00   -0.46208E+01
    0.50781E-01    0.49341E+00   -0.24845E+00   -0.46121E+01
    0.52734E-01    0.49291E+00   -0.25744E+00   -0.46032E+01
    0.54688E-01    0.49240E+00   -0.26642E+00   -0.45942E+01
    0.56641E-01    0.49187E+00   -0.27538E+00   -0.45851E+01
    0.58594E-01    0.49132E+00   -0.28432E+00   -0.45758E+01
    0.60547E-01    0.49076E+00   -0.29325E+00   -0.45663E+01
    0.62500E-01    0.49018E+00   -0.30215E+00   -0.45568E+01
    0.64453E-01    0.48958E+00   -0.31104E+00   -0.45470E+01
    0.66406E-01    0.48896E+00   -0.31990E+00   -0.45372E+01
    0.68359E-01    0.48833E+00   -0.32875E+00   -0.45272E+01
    0.70312E-01    0.48768E+00   -0.33757E+00   -0.45170E+01
    0.72266E-01    0.48701E+00   -0.34638E+00   -0.45067E+01
    0.74219E-01    0.48633E+00   -0.35517E+00   -0.44962E+01
    0.76172E-01    0.48562E+00   -0.36393E+00   -0.44856E+01
    0.78125E-01    0.48491E+00   -0.37268E+00   -0.44749E+01
    0.80078E-01    0.48417E+00   -0.38140E+00   -0.44640E+01
    0.82031E-01    0.48342E+00   -0.39010E+00   -0.44530E+01
    0.83984E-01    0.48265E+00   -0.39878E+00   -0.44418E+01
    0.85938E-01    0.48186E+00   -0.40744E+00   -0.44305E+01
    0.87891E-01    0.48105E+00   -0.41607E+00   -0.44191E+01
    0.89844E-01    0.48023E+00   -0.42469E+00   -0.44075E+01
    0.91797E-01    0.47939E+00   -0.43328E+00   -0.43958E+01
    0.93750E-01    0.47854E+00   -0.44184E+00   -0.43839E+01
    0.95703E-01    0.47767E+00   -0.45039E+00   -0.43719E+01
    0.97656E-01    0.47678E+00   -0.45891E+00   -0.43598E+01
    0.99609E-01    0.47588E+00   -0.46740E+00   -0.43475E+01
    0.10156E+00    0.47495E+00   -0.47587E+00   -0.43350E+01
    0.10352E+00    0.47402E+00   -0.48432E+00   -0.43225E+01
    0.10547E+00    0.47306E+00   -0.49274E+00   -0.43098E+01
    0.10742E+00    0.47209E+00   -0.50114E+00   -0.42969E+01
    0.10938E+00    0.47111E+00   -0.50951E+00   -0.42840E+01
    0.11133E+00    0.47010E+00   -0.51785E+00   -0.42708E+01
    0.11328E+00    0.46908E+00   -0.52617E+00   -0.42576E+01
    0.11523E+00    0.46805E+00   -0.53447E+00   -0.42442E+01
    0.11719E+00    0.46699E+00   -0.54273E+00   -0.42307E+01
    0.11914E+00    0.46593E+00   -0.55097E+00   -0.42170E+01
    0.12109E+00    0.46484E+00   -0.55919E+00   -0.42032E+01
    0.12305E+00    0.46374E+00   -0.56737E+00   -0.41893E+01
    0.12500E+00    0.46263E+00   -0.57553E+00   -0.41752E+01
    0.12695E+00    0.46149E+00   -0.58366E+00   -0.41610E+01
    0.12891E+00    0.46035E+00   -0.59177E+00   -0.41467E+01
    0.13086E+00    0.45918E+00   -0.59984E+00   -0.41322E+01
    0.13281E+00    0.45800E+00   -0.60789E+00   -0.41176E+01
    0.13477E+00    0.45681E+00   -0.61591E+00   -0.41029E+01
    0.13672E+00    0.45560E+00   -0.62389E+00   -0.40880E+01
    0.13867E+00    0.45437E+00   -0.63185E+00   -0.40730E+01
    0.14062E+00    0.45313E+00   -0.63978E+00   -0.40579E+01
    0.14258E+00    0.45187E+00   -0.64768E+00   -0.40427E+01
    0.14453E+00    0.45060E+00   -0.65555E+00   -0.40273E+01
    0.14648E+00    0.44931E+00   -0.66339E+00   -0.40118E+01
    0.14844E+00    0.44801E+00   -0.67120E+00   -0.39961E+01
    0.15039E+00    0.44669E+00   -0.67898E+00   -0.39803E+01
    0.15234E+00    0.44536E+00   -0.68673E+00   -0.39644E+01
    0.15430E+00    0.44401E+00   -0.69444E+00   -0.39484E+01
    0.15625E+00    0.44264E+00   -0.70212E+00   -0.39322E+01
    0.15820E+00    0.44126E+00   -0.70978E+00   -0.39159E+01
    0.16016E+00    0.43987E+00   -0.71740E+00   -0.38995E+01
    0.16211E+00    0.43846E+00   -0.72498E+00   -0.38830E+01
    0.16406E+00    0.43704E+00   -0.73254E+00   -0.38663E+01
    0.16602E+00    0.43560E+00   -0.74006E+00   -0.38495E+01
    0.16797E+00    0.43415E+00   -0.74755E+00   -0.38326E+01
    0.16992E+00    0.43268E+00   -0.75501E+00   -0.38155E+01
    0.17188E+00    0.43120E+00   -0.76243E+00   -0.37984E+01
    0.17383E+00    0.42970E+00   -0.76982E+00   -0.37811E+01
    0.17578E+00    0.42819E+00   -0.77717E+00   -0.37637E+01
    0.17773E+00    0.42667E+00   -0.78449E+00   -0.37461E+01
    0.17969E+00    0.42513E+00   -0.79178E+00   -0.37285E+01
    0.18164E+00    0.42357E+00   -0.79903E+00   -0.37107E+01
    0.18359E+00    0.42201E+00   -0.80625E+00   -0.36928E+01
    0.18555E+00    0.42042E+00   -0.81343E+00   -0.36748E+01
    0.18750E+00    0.41883E+00   -0.82057E+00   -0.36566E+01
    0.18945E+00    0.41722E+00   -0.82768E+00   -0.36383E+01
    0.19141E+00    0.41559E+00   -0.83476E+00   -0.36200E+01
    0.19336E+00    0.41396E+00   -0.84179E+00   -0.36015E+01
    0.19531E+00    0.41231E+00   -0.84879E+00   -0.35828E+01
    0.19727E+00    0.41064E+00   -0.85576E+00   -0.35641E+01
    0.19922E+00    0.40896E+00   -0.86269E+00   -0.35452E+01
    0.20117E+00    0.40727E+00   -0.86958E+00   -0.35263E+01
    0.20312E+00    0.40557E+00   -0.87643E+00   -0.35072E+01
    0.20508E+00    0.40385E+00   -0.88325E+00   -0.34880E+01
    0.20703E+00    0.40212E+00   -0.89002E+00   -0.34687E+01
    0.20898E+00    0.40037E+00   -0.89676E+00   -0.34492E+01
    0.21094E+00    0.39861E+00   -0.90347E+00   -0.34297E+01
    0.21289E+00    0.39684E+00   -0.91013E+00   -0.34100E+01
    0.21484E+00    0.39506E+00   -0.91675E+00   -0.33902E+01
    0.21680E+00    0.39326E+00   -0.92334E+00   -0.33704E+01
    0.21875E+00    0.39145E+00   -0.92989E+00   -0.33504E+01
    0.22070E+00    0.38963E+00   -0.93640E+00   -0.33303E+01
    0.22266E+00    0.38779E+00   -0.94286E+00   -0.33100E+01
    0.22461E+00    0.38595E+00   -0.94929E+00   -0.32897E+01
    0.22656E+00    0.38409E+00   -0.95568E+00   -0.32693E+01
    0.22852E+00    0.38221E+00   -0.96203E+00   -0.32487E+01
    0.23047E+00    0.38033E+00   -0.96834E+00   -0.32281E+01
    0.23242E+00    0.37843E+00   -0.97460E+00   -0.32073E+01
    0.23438E+00    0.37652E+00   -0.98083E+00   -0.31865E+01
    0.23633E+00    0.37460E+00   -0.98702E+00   -0.31655E+01
    0.23828E+00    0.37266E+00   -0.99316E+00   -0.31444E+01
    0.24023E+00    0.37072E+00   -0.99926E+00   -0.31232E+01
    0.24219E+00    0.36876E+00   -0.10053E+01   -0.31019E+01
    0.24414E+00    0.36679E+00   -0.10113E+01   -0.30806E+01
    0.24609E+00    0.36481E+00   -0.10173E+01   -0.30591E+01
    0.24805E+00    0.36282E+00   -0.10233E+01   -0.30375E+01
    0.25000E+00    0.36081E+00   -0.10292E+01   -0.30158E+01
    0.25195E+00    0.35880E+00   -0.10350E+01   -0.29940E+01
    0.25391E+00    0.35677E+00   -0.10408E+01   -0.29721E+01
    0.25586E+00    0.35473E+00   -0.10466E+01   -0.29501E+01
    0.25781E+00    0.35268E+00   -0.10523E+01   -0.29280E+01
    0.25977E+00    0.35062E+00   -0.10580E+01   -0.29058E+01
    0.26172E+00    0.34855E+00   -0.10636E+01   -0.28835E+01
    0.26367E+00    0.34647E+00   -0.10692E+01   -0.28612E+01
    0.26562E+00    0.34437E+00   -0.10747E+01   -0.28387E+01
    0.26758E+00    0.34227E+00   -0.10802E+01   -0.28161E+01
    0.26953E+00    0.34015E+00   -0.10857E+01   -0.27935E+01
    0.27148E+00    0.33803E+00   -0.10911E+01   -0.27707E+01
    0.27344E+00    0.33589E+00   -0.10965E+01   -0.27479E+01
    0.27539E+00    0.33374E+00   -0.11018E+01   -0.27249E+01
    0.27734E+00    0.33159E+00   -0.11071E+01   -0.27019E+01
    0.27930E+00    0.32942E+00   -0.11123E+01   -0.26788E+01
    0.28125E+00    0.32724E+00   -0.11175E+01   -0.26556E+01
    0.28320E+00    0.32505E+00   -0.11227E+01   -0.26323E+01
    0.28516E+00    0.32286E+00   -0.11278E+01   -0.26089E+01
    0.28711E+00    0.32065E+00   -0.11328E+01   -0.25854E+01
    0.28906E+00    0.31843E+00   -0.11378E+01   -0.25619E+01
    0.29102E+00    0.31620E+00   -0.11428E+01   -0.25382E+01
    0.29297E+00    0.31397E+00   -0.11477E+01   -0.25145E+01
    0.29492E+00    0.31172E+00   -0.11526E+01   -0.24907E+01
    0.29688E+00    0.30946E+00   -0.11574E+01   -0.24668E+01
    0.29883E+00    0.30720E+00   -0.11622E+01   -0.24428E+01
    0.30078E+00    0.30493E+00   -0.11669E+01   -0.24188E+01
    0.30273E+00    0.30264E+00   -0.11716E+01   -0.23946E+01
    0.30469E+00    0.30035E+00   -0.11762E+01   -0.23704E+01
    0.30664E+00    0.29805E+00   -0.11808E+01   -0.23462E+01
    0.30859E+00    0.29574E+00   -0.11853E+01   -0.23218E+01
    0.31055E+00    0.29342E+00   -0.11898E+01   -0.22973E+01
    0.31250E+00    0.29109E+00   -0.11942E+01   -0.22728E+01
    0.31445E+00    0.28875E+00   -0.11986E+01   -0.22482E+01
    0.31641E+00    0.28641E+00   -0.12030E+01   -0.22236E+01
    0.31836E+00    0.28405E+00   -0.12073E+01   -0.21988E+01
    0.32031E+00    0.28169E+00   -0.12115E+01   -0.21740E+01
    0.32227E+00    0.27932E+00   -0.12157E+01   -0.21492E+01
    0.32422E+00    0.27694E+00   -0.12199E+01   -0.21242E+01
    0.32617E+00    0.27455E+00   -0.12240E+01   -0.20992E+01
    0.32812E+00    0.27216E+00   -0.12280E+01   -0.20741E+01
    0.33008E+00    0.26976E+00   -0.12320E+01   -0.20490E+01
    0.33203E+00    0.26735E+00   -0.12360E+01   -0.20237E+01
    0.33398E+00    0.26493E+00   -0.12399E+01   -0.19985E+01
    0.33594E+00    0.26250E+00   -0.12438E+01   -0.19731E+01
    0.33789E+00    0.26007E+00   -0.12476E+01   -0.19477E+01
    0.33984E+00    0.25763E+00   -0.12513E+01   -0.19222E+01
    0.34180E+00    0.25518E+00   -0.12550E+01   -0.18967E+01
    0.34375E+00    0.25273E+00   -0.12587E+01   -0.18711E+01
    0.34570E+00    0.25027E+00   -0.12623E+01   -0.18455E+01
    0.34766E+00    0.24780E+00   -0.12658E+01   -0.18198E+01
    0.34961E+00    0.24532E+00   -0.12693E+01   -0.17940E+01
    0.35156E+00    0.24284E+00   -0.12728E+01   -0.17682E+01
    0.35352E+00    0.24035E+00   -0.12762E+01   -0.17423E+01
    0.35547E+00    0.23785E+00   -0.12796E+01   -0.17164E+01
    0.35742E+00    0.23535E+00   -0.12829E+01   -0.16904E+01
    0.35938E+00    0.23284E+00   -0.12861E+01   -0.16644E+01
    0.36133E+00    0.23033E+00   -0.12893E+01   -0.16383E+01
    0.36328E+00    0.22781E+00   -0.12925E+01   -0.16122E+01
    0.36523E+00    0.22528E+00   -0.12956E+01   -0.15860E+01
    0.36719E+00    0.22275E+00   -0.12986E+01   -0.15598E+01
    0.36914E+00    0.22021E+00   -0.13016E+01   -0.15335E+01
    0.37109E+00    0.21766E+00   -0.13046E+01   -0.15072E+01
    0.37305E+00    0.21511E+00   -0.13074E+01   -0.14808E+01
    0.37500E+00    0.21255E+00   -0.13103E+01   -0.14544E+01
    0.37695E+00    0.20999E+00   -0.13131E+01   -0.14280E+01
    0.37891E+00    0.20742E+00   -0.13158E+01   -0.14015E+01
    0.38086E+00    0.20485E+00   -0.13185E+01   -0.13750E+01
    0.38281E+00    0.20227E+00   -0.13211E+01   -0.13484E+01
    0.38477E+00    0.19969E+00   -0.13237E+01   -0.13218E+01
    0.38672E+00    0.19710E+00   -0.13263E+01   -0.12952E+01
    0.38867E+00    0.19451E+00   -0.13287E+01   -0.12685E+01
    0.39062E+00    0.19191E+00   -0.13312E+01   -0.12418E+01
    0.39258E+00    0.18931E+00   -0.13335E+01   -0.12150E+01
    0.39453E+00    0.18670E+00   -0.13359E+01   -0.11883E+01
    0.39648E+00    0.18409E+00   -0.13381E+01   -0.11615E+01
    0.39844E+00    0.18148E+00   -0.13403E+01   -0.11346E+01
    0.40039E+00    0.17886E+00   -0.13425E+01   -0.11078E+01
    0.40234E+00    0.17623E+00   -0.13446E+01   -0.10809E+01
    0.40430E+00    0.17360E+00   -0.13467E+01   -0.10540E+01
    0.40625E+00    0.17097E+00   -0.13487E+01   -0.10271E+01
    0.40820E+00    0.16834E+00   -0.13506E+01   -0.10001E+01
    0.41016E+00    0.16570E+00   -0.13525E+01   -0.97311E+00
    0.41211E+00    0.16305E+00   -0.13544E+01   -0.94611E+00
    0.41406E+00    0.16040E+00   -0.13562E+01   -0.91909E+00
    0.41602E+00    0.15775E+00   -0.13579E+01   -0.89204E+00
    0.41797E+00    0.15510E+00   -0.13596E+01   -0.86498E+00
    0.41992E+00    0.15244E+00   -0.13613E+01   -0.83791E+00
    0.42188E+00    0.14978E+00   -0.13628E+01   -0.81081E+00
    0.42383E+00    0.14712E+00   -0.13644E+01   -0.78371E+00
    0.42578E+00    0.14445E+00   -0.13659E+01   -0.75659E+00
    0.42773E+00    0.14178E+00   -0.13673E+01   -0.72946E+00
    0.42969E+00    0.13911E+00   -0.13687E+01   -0.70232E+00
    0.43164E+00    0.13644E+00   -0.13700E+01   -0.67517E+00
    0.43359E+00    0.13376E+00   -0.13712E+01   -0.64801E+00
    0.43555E+00    0.13108E+00   -0.13724E+01   -0.62084E+00
    0.43750E+00    0.12840E+00   -0.13736E+01   -0.59367E+00
    0.43945E+00    0.12572E+00   -0.13747E+01   -0.56649E+00
    0.44141E+00    0.12303E+00   -0.13758E+01   -0.53931E+00
    0.44336E+00    0.12034E+00   -0.13768E+01   -0.51213E+00
    0.44531E+00    0.11765E+00   -0.13777E+01   -0.48495E+00
    0.44727E+00    0.11496E+00   -0.13786E+01   -0.45776E+00
    0.44922E+00    0.11227E+00   -0.13795E+01   -0.43058E+00
    0.45117E+00    0.10957E+00   -0.13802E+01   -0.40340E+00
    0.45312E+00    0.10687E+00   -0.13810E+01   -0.37623E+00
    0.45508E+00    0.10418E+00   -0.13817E+01   -0.34906E+00
    0.45703E+00    0.10148E+00   -0.13823E+01   -0.32189E+00
    0.45898E+00    0.98777E-01   -0.13829E+01   -0.29473E+00
    0.46094E+00    0.96076E-01   -0.13834E+01   -0.26759E+00
    0.46289E+00    0.93373E-01   -0.13839E+01   -0.24045E+00
    0.46484E+00    0.90670E-01   -0.13843E+01   -0.21332E+00
    0.46680E+00    0.87966E-01   -0.13846E+01   -0.18621E+00
    0.46875E+00    0.85261E-01   -0.13849E+01   -0.15911E+00
    0.47070E+00    0.82556E-01   -0.13852E+01   -0.13202E+00
    0.47266E+00    0.79850E-01   -0.13854E+01   -0.10495E+00
    0.47461E+00    0.77144E-01   -0.13856E+01   -0.77895E-01
    0.47656E+00    0.74438E-01   -0.13857E+01   -0.50859E-01
    0.47852E+00    0.71731E-01   -0.13857E+01   -0.23844E-01
    0.48047E+00    0.69025E-01   -0.13857E+01    0.31515E-02
    0.48242E+00    0.66318E-01   -0.13856E+01    0.30125E-01
    0.48438E+00    0.63612E-01   -0.13855E+01    0.57074E-01
    0.48633E+00    0.60906E-01   -0.13854E+01    0.84000E-01
    0.48828E+00    0.58200E-01   -0.13852E+01    0.11090E+00
    0.49023E+00    0.55495E-01   -0.13849E+01    0.13777E+00
    0.49219E+00    0.52791E-01   -0.13846E+01    0.16462E+00
    0.49414E+00    0.50087E-01   -0.13842E+01    0.19144E+00
    0.49609E+00    0.47384E-01   -0.13838E+01    0.21822E+00
    0.49805E+00    0.44681E-01   -0.13833E+01    0.24498E+00
    0.50000E+00    0.41980E-01   -0.13828E+01    0.27170E+00
    0.50195E+00    0.39280E-01   -0.13822E+01    0.29838E+00
    0.50391E+00    0.36581E-01   -0.13815E+01    0.32504E+00
    0.50586E+00    0.33883E-01   -0.13808E+01    0.35165E+00
    0.50781E+00    0.31187E-01   -0.13801E+01    0.37823E+00
    0.50977E+00    0.28492E-01   -0.13793E+01    0.40477E+00
    0.51172E+00    0.25799E-01   -0.13785E+01    0.43127E+00
    0.51367E+00    0.23108E-01   -0.13776E+01    0.45773E+00
    0.51562E+00    0.20418E-01   -0.13766E+01    0.48415E+00
    0.51758E+00    0.17730E-01   -0.13756E+01    0.51053E+00
    0.51953E+00    0.15044E-01   -0.13746E+01    0.53686E+00
    0.52148E+00    0.12360E-01   -0.13735E+01    0.56314E+00
    0.52344E+00    0.96790E-02   -0.13723E+01    0.58938E+00
    0.52539E+00    0.69998E-02   -0.13711E+01    0.61557E+00
    0.52734E+00    0.43230E-02   -0.13699E+01    0.64171E+00
    0.52930E+00    0.16486E-02   -0.13686E+01    0.66780E+00
    0.53125E+00   -0.10231E-02   -0.13672E+01    0.69384E+00
    0.53320E+00   -0.36921E-02   -0.13658E+01    0.71983E+00
    0.53516E+00   -0.63583E-02   -0.13644E+01    0.74576E+00
    0.53711E+00   -0.90216E-02   -0.13628E+01    0.77164E+00
    0.53906E+00   -0.11682E-01   -0.13613E+01    0.79746E+00
    0.54102E+00   -0.14339E-01   -0.13597E+01    0.82323E+00
    0.54297E+00   -0.16993E-01   -0.13580E+01    0.84893E+00
    0.54492E+00   -0.19644E-01   -0.13563E+01    0.87458E+00
    0.54688E+00   -0.22291E-01   -0.13545E+01    0.90017E+00
    0.54883E+00   -0.24935E-01   -0.13527E+01    0.92570E+00
    0.55078E+00   -0.27576E-01   -0.13509E+01    0.95116E+00
    0.55273E+00   -0.30212E-01   -0.13490E+01    0.97656E+00
    0.55469E+00   -0.32845E-01   -0.13470E+01    0.10019E+01
    0.55664E+00   -0.35474E-01   -0.13450E+01    0.10272E+01
    0.55859E+00   -0.38099E-01   -0.13430E+01    0.10524E+01
    0.56055E+00   -0.40720E-01   -0.13408E+01    0.10775E+01
    0.56250E+00   -0.43337E-01   -0.13387E+01    0.11026E+01
    0.56445E+00   -0.45949E-01   -0.13365E+01    0.11276E+01
    0.56641E+00   -0.48558E-01   -0.13342E+01    0.11525E+01
    0.56836E+00   -0.51161E-01   -0.13319E+01    0.11774E+01
    0.57031E+00   -0.53760E-01   -0.13296E+01    0.12021E+01
    0.57227E+00   -0.56355E-01   -0.13272E+01    0.12268E+01
    0.57422E+00   -0.58945E-01   -0.13247E+01    0.12515E+01
    0.57617E+00   -0.61530E-01   -0.13223E+01    0.12760E+01
    0.57812E+00   -0.64110E-01   -0.13197E+01    0.13005E+01
    0.58008E+00   -0.66685E-01   -0.13171E+01    0.13249E+01
    0.58203E+00   -0.69255E-01   -0.13145E+01    0.13492E+01
    0.58398E+00   -0.71820E-01   -0.13118E+01    0.13735E+01
    0.58594E+00   -0.74379E-01   -0.13091E+01    0.13976E+01
    0.58789E+00   -0.76933E-01   -0.13063E+01    0.14217E+01
    0.58984E+00   -0.79482E-01   -0.13035E+01    0.14457E+01
    0.59180E+00   -0.82025E-01   -0.13006E+01    0.14696E+01
    0.59375E+00   -0.84562E-01   -0.12977E+01    0.14935E+01
    0.59570E+00   -0.87094E-01   -0.12947E+01    0.15172E+01
    0.59766E+00   -0.89620E-01   -0.12917E+01    0.15408E+01
    0.59961E+00   -0.92140E-01   -0.12886E+01    0.15644E+01
    0.60156E+00   -0.94654E-01   -0.12855E+01    0.15879E+01
    0.60352E+00   -0.97162E-01   -0.12824E+01    0.16113E+01
    0.60547E+00   -0.99663E-01   -0.12792E+01    0.16346E+01
    0.60742E+00   -0.10216E+00   -0.12760E+01    0.16578E+01
    0.60938E+00   -0.10465E+00   -0.12727E+01    0.16809E+01
    0.61133E+00   -0.10713E+00   -0.12693E+01    0.17039E+01
    0.61328E+00   -0.10961E+00   -0.12660E+01    0.17268E+01
    0.61523E+00   -0.11208E+00   -0.12625E+01    0.17497E+01
    0.61719E+00   -0.11454E+00   -0.12591E+01    0.17724E+01
    0.61914E+00   -0.11699E+00   -0.12556E+01    0.17951E+01
    0.62109E+00   -0.11944E+00   -0.12520E+01    0.18176E+01
    0.62305E+00   -0.12188E+00   -0.12484E+01    0.18400E+01
    0.62500E+00   -0.12432E+00   -0.12448E+01    0.18624E+01
    0.62695E+00   -0.12675E+00   -0.12411E+01    0.18846E+01
    0.62891E+00   -0.12917E+00   -0.12374E+01    0.19068E+01
    0.63086E+00   -0.13158E+00   -0.12336E+01    0.19288E+01
    0.63281E+00   -0.13399E+00   -0.12298E+01    0.19508E+01
    0.63477E+00   -0.13638E+00   -0.12259E+01    0.19726E+01
    0.63672E+00   -0.13877E+00   -0.12220E+01    0.19943E+01
    0.63867E+00   -0.14116E+00   -0.12181E+01    0.20160E+01
    0.64062E+00   -0.14353E+00   -0.12141E+01    0.20375E+01
    0.64258E+00   -0.14590E+00   -0.12101E+01    0.20589E+01
    0.64453E+00   -0.14826E+00   -0.12060E+01    0.20802E+01
    0.64648E+00   -0.15061E+00   -0.12019E+01    0.21014E+01
    0.64844E+00   -0.15296E+00   -0.11978E+01    0.21225E+01
    0.65039E+00   -0.15529E+00   -0.11936E+01    0.21435E+01
    0.65234E+00   -0.15762E+00   -0.11894E+01    0.21643E+01
    0.65430E+00   -0.15994E+00   -0.11851E+01    0.21851E+01
    0.65625E+00   -0.16225E+00   -0.11808E+01    0.22058E+01
    0.65820E+00   -0.16455E+00   -0.11764E+01    0.22263E+01
    0.66016E+00   -0.16684E+00   -0.11720E+01    0.22467E+01
    0.66211E+00   -0.16913E+00   -0.11676E+01    0.22670E+01
    0.66406E+00   -0.17140E+00   -0.11631E+01    0.22872E+01
    0.66602E+00   -0.17367E+00   -0.11586E+01    0.23073E+01
    0.66797E+00   -0.17593E+00   -0.11541E+01    0.23273E+01
    0.66992E+00   -0.17818E+00   -0.11495E+01    0.23471E+01
    0.67188E+00   -0.18042E+00   -0.11449E+01    0.23669E+01
    0.67383E+00   -0.18265E+00   -0.11402E+01    0.23865E+01
    0.67578E+00   -0.18487E+00   -0.11355E+01    0.24060E+01
    0.67773E+00   -0.18709E+00   -0.11308E+01    0.24254E+01
    0.67969E+00   -0.18929E+00   -0.11260E+01    0.24446E+01
    0.68164E+00   -0.19149E+00   -0.11212E+01    0.24638E+01
    0.68359E+00   -0.19367E+00   -0.11163E+01    0.24828E+01
    0.68555E+00   -0.19585E+00   -0.11114E+01    0.25017E+01
    0.68750E+00   -0.19801E+00   -0.11065E+01    0.25205E+01
    0.68945E+00   -0.20017E+00   -0.11016E+01    0.25391E+01
    0.69141E+00   -0.20232E+00   -0.10966E+01    0.25577E+01
    0.69336E+00   -0.20445E+00   -0.10915E+01    0.25761E+01
    0.69531E+00   -0.20658E+00   -0.10865E+01    0.25944E+01
    0.69727E+00   -0.20870E+00   -0.10813E+01    0.26125E+01
    0.69922E+00   -0.21080E+00   -0.10762E+01    0.26306E+01
    0.70117E+00   -0.21290E+00   -0.10710E+01    0.26485E+01
    0.70312E+00   -0.21499E+00   -0.10658E+01    0.26663E+01
    0.70508E+00   -0.21706E+00   -0.10606E+01    0.26839E+01
    0.70703E+00   -0.21913E+00   -0.10553E+01    0.27015E+01
    0.70898E+00   -0.22119E+00   -0.10500E+01    0.27189E+01
    0.71094E+00   -0.22323E+00   -0.10446E+01    0.27361E+01
    0.71289E+00   -0.22527E+00   -0.10393E+01    0.27533E+01
    0.71484E+00   -0.22729E+00   -0.10338E+01    0.27703E+01
    0.71680E+00   -0.22931E+00   -0.10284E+01    0.27872E+01
    0.71875E+00   -0.23131E+00   -0.10229E+01    0.28040E+01
    0.72070E+00   -0.23330E+00   -0.10174E+01    0.28206E+01
    0.72266E+00   -0.23528E+00   -0.10119E+01    0.28371E+01
    0.72461E+00   -0.23725E+00   -0.10063E+01    0.28535E+01
    0.72656E+00   -0.23921E+00   -0.10007E+01    0.28697E+01
    0.72852E+00   -0.24116E+00   -0.99504E+00    0.28858E+01
    0.73047E+00   -0.24310E+00   -0.98937E+00    0.29018E+01
    0.73242E+00   -0.24503E+00   -0.98367E+00    0.29177E+01
    0.73438E+00   -0.24694E+00   -0.97794E+00    0.29334E+01
    0.73633E+00   -0.24885E+00   -0.97218E+00    0.29490E+01
    0.73828E+00   -0.25074E+00   -0.96638E+00    0.29644E+01
    0.74023E+00   -0.25262E+00   -0.96056E+00    0.29797E+01
    0.74219E+00   -0.25449E+00   -0.95471E+00    0.29949E+01
    0.74414E+00   -0.25635E+00   -0.94883E+00    0.30099E+01
    0.74609E+00   -0.25820E+00   -0.94292E+00    0.30249E+01
    0.74805E+00   -0.26004E+00   -0.93698E+00    0.30396E+01
    0.75000E+00   -0.26186E+00   -0.93101E+00    0.30543E+01
    0.75195E+00   -0.26367E+00   -0.92501E+00    0.30688E+01
    0.75391E+00   -0.26547E+00   -0.91899E+00    0.30831E+01
    0.75586E+00   -0.26726E+00   -0.91293E+00    0.30974E+01
    0.75781E+00   -0.26904E+00   -0.90685E+00    0.31115E+01
    0.75977E+00   -0.27080E+00   -0.90075E+00    0.31254E+01
    0.76172E+00   -0.27256E+00   -0.89461E+00    0.31393E+01
    0.76367E+00   -0.27430E+00   -0.88845E+00    0.31529E+01
    0.76562E+00   -0.27603E+00   -0.88226E+00    0.31665E+01
    0.76758E+00   -0.27775E+00   -0.87605E+00    0.31799E+01
    0.76953E+00   -0.27945E+00   -0.86981E+00    0.31932E+01
    0.77148E+00   -0.28114E+00   -0.86354E+00    0.32063E+01
    0.77344E+00   -0.28282E+00   -0.85725E+00    0.32193E+01
    0.77539E+00   -0.28449E+00   -0.85094E+00    0.32322E+01
    0.77734E+00   -0.28615E+00   -0.84460E+00    0.32449E+01
    0.77930E+00   -0.28779E+00   -0.83823E+00    0.32575E+01
    0.78125E+00   -0.28942E+00   -0.83184E+00    0.32699E+01
    0.78320E+00   -0.29104E+00   -0.82543E+00    0.32822E+01
    0.78516E+00   -0.29265E+00   -0.81899E+00    0.32944E+01
    0.78711E+00   -0.29424E+00   -0.81253E+00    0.33064E+01
    0.78906E+00   -0.29582E+00   -0.80604E+00    0.33183E+01
    0.79102E+00   -0.29739E+00   -0.79954E+00    0.33300E+01
    0.79297E+00   -0.29894E+00   -0.79301E+00    0.33416E+01
    0.79492E+00   -0.30049E+00   -0.78645E+00    0.33531E+01
    0.79688E+00   -0.30202E+00   -0.77988E+00    0.33644E+01
    0.79883E+00   -0.30353E+00   -0.77328E+00    0.33756E+01
    0.80078E+00   -0.30504E+00   -0.76667E+00    0.33866E+01
    0.80273E+00   -0.30653E+00   -0.76003E+00    0.33975E+01
    0.80469E+00   -0.30800E+00   -0.75337E+00    0.34083E+01
    0.80664E+00   -0.30947E+00   -0.74669E+00    0.34189E+01
    0.80859E+00   -0.31092E+00   -0.73999E+00    0.34294E+01
    0.81055E+00   -0.31236E+00   -0.73326E+00    0.34397E+01
    0.81250E+00   -0.31379E+00   -0.72652E+00    0.34499E+01
    0.81445E+00   -0.31520E+00   -0.71976E+00    0.34599E+01
    0.81641E+00   -0.31660E+00   -0.71298E+00    0.34698E+01
    0.81836E+00   -0.31798E+00   -0.70618E+00    0.34796E+01
    0.82031E+00   -0.31936E+00   -0.69936E+00    0.34892E+01
    0.82227E+00   -0.32072E+00   -0.69253E+00    0.34987E+01
    0.82422E+00   -0.32206E+00   -0.68567E+00    0.35081E+01
    0.82617E+00   -0.32339E+00   -0.67880E+00    0.35173E+01
    0.82812E+00   -0.32471E+00   -0.67191E+00    0.35263E+01
    0.83008E+00   -0.32602E+00   -0.66500E+00    0.35352E+01
    0.83203E+00   -0.32731E+00   -0.65807E+00    0.35440E+01
    0.83398E+00   -0.32859E+00   -0.65113E+00    0.35526E+01
    0.83594E+00   -0.32985E+00   -0.64417E+00    0.35611E+01
    0.83789E+00   -0.33111E+00   -0.63720E+00    0.35695E+01
    0.83984E+00   -0.33234E+00   -0.63021E+00    0.35777E+01
    0.84180E+00   -0.33357E+00   -0.62320E+00    0.35858E+01
    0.84375E+00   -0.33478E+00   -0.61618E+00    0.35937E+01
    0.84570E+00   -0.33597E+00   -0.60914E+00    0.36015E+01
    0.84766E+00   -0.33716E+00   -0.60209E+00    0.36091E+01
    0.84961E+00   -0.33833E+00   -0.59502E+00    0.36166E+01
    0.85156E+00   -0.33948E+00   -0.58794E+00    0.36240E+01
    0.85352E+00   -0.34062E+00   -0.58084E+00    0.36312E+01
    0.85547E+00   -0.34175E+00   -0.57373E+00    0.36382E+01
    0.85742E+00   -0.34286E+00   -0.56661E+00    0.36452E+01
    0.85938E+00   -0.34396E+00   -0.55947E+00    0.36519E+01
    0.86133E+00   -0.34505E+00   -0.55232E+00    0.36586E+01
    0.86328E+00   -0.34612E+00   -0.54516E+00    0.36651E+01
    0.86523E+00   -0.34718E+00   -0.53799E+00    0.36715E+01
    0.86719E+00   -0.34822E+00   -0.53080E+00    0.36777E+01
    0.86914E+00   -0.34925E+00   -0.52360E+00    0.36838E+01
    0.87109E+00   -0.35027E+00   -0.51639E+00    0.36897E+01
    0.87305E+00   -0.35127E+00   -0.50917E+00    0.36955E+01
    0.87500E+00   -0.35226E+00   -0.50194E+00    0.37011E+01
    0.87695E+00   -0.35323E+00   -0.49470E+00    0.37067E+01
    0.87891E+00   -0.35419E+00   -0.48744E+00    0.37120E+01
    0.88086E+00   -0.35513E+00   -0.48018E+00    0.37173E+01
    0.88281E+00   -0.35607E+00   -0.47290E+00    0.37223E+01
    0.88477E+00   -0.35698E+00   -0.46562E+00    0.37273E+01
    0.88672E+00   -0.35788E+00   -0.45833E+00    0.37321E+01
    0.88867E+00   -0.35877E+00   -0.45103E+00    0.37368E+01
    0.89062E+00   -0.35965E+00   -0.44372E+00    0.37413E+01
    0.89258E+00   -0.36051E+00   -0.43640E+00    0.37457E+01
    0.89453E+00   -0.36135E+00   -0.42907E+00    0.37499E+01
    0.89648E+00   -0.36218E+00   -0.42173E+00    0.37540E+01
    0.89844E+00   -0.36300E+00   -0.41439E+00    0.37580E+01
    0.90039E+00   -0.36380E+00   -0.40704E+00    0.37618E+01
    0.90234E+00   -0.36459E+00   -0.39968E+00    0.37655E+01
    0.90430E+00   -0.36536E+00   -0.39232E+00    0.37690E+01
    0.90625E+00   -0.36612E+00   -0.38494E+00    0.37724E+01
    0.90820E+00   -0.36687E+00   -0.37757E+00    0.37757E+01
    0.91016E+00   -0.36760E+00   -0.37018E+00    0.37788E+01
    0.91211E+00   -0.36831E+00   -0.36279E+00    0.37818E+01
    0.91406E+00   -0.36901E+00   -0.35540E+00    0.37846E+01
    0.91602E+00   -0.36970E+00   -0.34799E+00    0.37873E+01
    0.91797E+00   -0.37037E+00   -0.34059E+00    0.37899E+01
    0.91992E+00   -0.37103E+00   -0.33318E+00    0.37923E+01
    0.92188E+00   -0.37167E+00   -0.32576E+00    0.37946E+01
    0.92383E+00   -0.37230E+00   -0.31834E+00    0.37968E+01
    0.92578E+00   -0.37292E+00   -0.31092E+00    0.37988E+01
    0.92773E+00   -0.37352E+00   -0.30349E+00    0.38007E+01
    0.92969E+00   -0.37410E+00   -0.29606E+00    0.38024E+01
    0.93164E+00   -0.37467E+00   -0.28863E+00    0.38040E+01
    0.93359E+00   -0.37523E+00   -0.28119E+00    0.38055E+01
    0.93555E+00   -0.37577E+00   -0.27376E+00    0.38068E+01
    0.93750E+00   -0.37630E+00   -0.26631E+00    0.38080E+01
    0.93945E+00   -0.37681E+00   -0.25887E+00    0.38090E+01
    0.94141E+00   -0.37731E+00   -0.25143E+00    0.38099E+01
    0.94336E+00   -0.37779E+00   -0.24398E+00    0.38107E+01
    0.94531E+00   -0.37826E+00   -0.23653E+00    0.38113E+01
    0.94727E+00   -0.37872E+00   -0.22908E+00    0.38118E+01
    0.94922E+00   -0.37916E+00   -0.22163E+00    0.38122E+01
    0.95117E+00   -0.37958E+00   -0.21418E+00    0.38124E+01
    0.95312E+00   -0.38000E+00   -0.20673E+00    0.38125E+01
    0.95508E+00   -0.38039E+00   -0.19928E+00    0.38125E+01
    0.95703E+00   -0.38077E+00   -0.19183E+00    0.38123E+01
    0.95898E+00   -0.38114E+00   -0.18439E+00    0.38120E+01
    0.96094E+00   -0.38149E+00   -0.17694E+00    0.38115E+01
    0.96289E+00   -0.38183E+00   -0.16949E+00    0.38110E+01
    0.96484E+00   -0.38216E+00   -0.16204E+00    0.38102E+01
    0.96680E+00   -0.38247E+00   -0.15460E+00    0.38094E+01
    0.96875E+00   -0.38276E+00   -0.14716E+00    0.38084E+01
    0.97070E+00   -0.38304E+00   -0.13972E+00    0.38073E+01
    0.97266E+00   -0.38331E+00   -0.13228E+00    0.38060E+01
    0.97461E+00   -0.38356E+00   -0.12485E+00    0.38046E+01
    0.97656E+00   -0.38379E+00   -0.11742E+00    0.38031E+01
    0.97852E+00   -0.38402E+00   -0.10999E+00    0.38015E+01
    0.98047E+00   -0.38422E+00   -0.10256E+00    0.37997E+01
    0.98242E+00   -0.38442E+00   -0.95141E-01    0.37977E+01
    0.98438E+00   -0.38459E+00   -0.87724E-01    0.37957E+01
    0.98633E+00   -0.38476E+00   -0.80311E-01    0.37935E+01
    0.98828E+00   -0.38491E+00   -0.72902E-01    0.37912E+01
    0.99023E+00   -0.38504E+00   -0.65499E-01    0.37887E+01
    0.99219E+00   -0.38516E+00   -0.58100E-01    0.37862E+01
    0.99414E+00   -0.38527E+00   -0.50707E-01    0.37835E+01
    0.99609E+00   -0.38536E+00   -0.43319E-01    0.37806E+01
    0.99805E+00   -0.38544E+00   -0.35937E-01    0.37776E+01
    0.10000E+01   -0.38550E+00   -0.28562E-01    0.37745E+01
    0.10020E+01   -0.38555E+00   -0.21192E-01    0.37713E+01
    0.10039E+01   -0.38559E+00   -0.13829E-01    0.37679E+01
    0.10059E+01   -0.38561E+00   -0.64733E-02    0.37644E+01
    0.10078E+01   -0.38561E+00    0.87573E-03    0.37608E+01
    0.10098E+01   -0.38560E+00    0.82174E-02    0.37571E+01
    0.10117E+01   -0.38558E+00    0.15551E-01    0.37532E+01
    0.10137E+01   -0.38554E+00    0.22878E-01    0.37492E+01
    0.10156E+01   -0.38549E+00    0.30196E-01    0.37450E+01
    0.10176E+01   -0.38542E+00    0.37506E-01    0.37408E+01
    0.10195E+01   -0.38534E+00    0.44807E-01    0.37364E+01
    0.10215E+01   -0.38525E+00    0.52099E-01    0.37318E+01
    0.10234E+01   -0.38514E+00    0.59382E-01    0.37272E+01
    0.10254E+01   -0.38502E+00    0.66656E-01    0.37224E+01
    0.10273E+01   -0.38488E+00    0.73921E-01    0.37175E+01
    0.10293E+01   -0.38473E+00    0.81175E-01    0.37125E+01
    0.10312E+01   -0.38456E+00    0.88420E-01    0.37073E+01
    0.10332E+01   -0.38438E+00    0.95654E-01    0.37020E+01
    0.10352E+01   -0.38419E+00    0.10288E+00    0.36966E+01
    0.10371E+01   -0.38398E+00    0.11009E+00    0.36911E+01
    0.10391E+01   -0.38376E+00    0.11729E+00    0.36854E+01
    0.10410E+01   -0.38352E+00    0.12448E+00    0.36796E+01
    0.10430E+01   -0.38327E+00    0.13166E+00    0.36737E+01
    0.10449E+01   -0.38301E+00    0.13883E+00    0.36677E+01
    0.10469E+01   -0.38273E+00    0.14598E+00    0.36615E+01
    0.10488E+01   -0.38244E+00    0.15313E+00    0.36553E+01
    0.10508E+01   -0.38213E+00    0.16026E+00    0.36489E+01
    0.10527E+01   -0.38181E+00    0.16737E+00    0.36423E+01
    0.10547E+01   -0.38148E+00    0.17448E+00    0.36357E+01
    0.10566E+01   -0.38113E+00    0.18157E+00    0.36289E+01
    0.10586E+01   -0.38077E+00    0.18865E+00    0.36220E+01
    0.10605E+01   -0.38039E+00    0.19571E+00    0.36150E+01
    0.10625E+01   -0.38000E+00    0.20276E+00    0.36079E+01
    0.10645E+01   -0.37960E+00    0.20980E+00    0.36006E+01
    0.10664E+01   -0.37918E+00    0.21682E+00    0.35932E+01
    0.10684E+01   -0.37875E+00    0.22383E+00    0.35857E+01
    0.10703E+01   -0.37831E+00    0.23082E+00    0.35781E+01
    0.10723E+01   -0.37785E+00    0.23779E+00    0.35704E+01
    0.10742E+01   -0.37738E+00    0.24476E+00    0.35625E+01
    0.10762E+01   -0.37690E+00    0.25170E+00    0.35545E+01
    0.10781E+01   -0.37640E+00    0.25863E+00    0.35464E+01
    0.10801E+01   -0.37589E+00    0.26555E+00    0.35382E+01
    0.10820E+01   -0.37536E+00    0.27244E+00    0.35299E+01
    0.10840E+01   -0.37482E+00    0.27932E+00    0.35214E+01
    0.10859E+01   -0.37427E+00    0.28619E+00    0.35128E+01
    0.10879E+01   -0.37370E+00    0.29304E+00    0.35041E+01
    0.10898E+01   -0.37312E+00    0.29987E+00    0.34953E+01
    0.10918E+01   -0.37253E+00    0.30668E+00    0.34864E+01
    0.10938E+01   -0.37193E+00    0.31347E+00    0.34774E+01
    0.10957E+01   -0.37131E+00    0.32025E+00    0.34682E+01
    0.10977E+01   -0.37068E+00    0.32701E+00    0.34589E+01
    0.10996E+01   -0.37003E+00    0.33375E+00    0.34496E+01
    0.11016E+01   -0.36937E+00    0.34047E+00    0.34401E+01
    0.11035E+01   -0.36870E+00    0.34718E+00    0.34304E+01
    0.11055E+01   -0.36802E+00    0.35386E+00    0.34207E+01
    0.11074E+01   -0.36732E+00    0.36053E+00    0.34109E+01
    0.11094E+01   -0.36661E+00    0.36717E+00    0.34009E+01
    0.11113E+01   -0.36588E+00    0.37380E+00    0.33908E+01
    0.11133E+01   -0.36515E+00    0.38040E+00    0.33807E+01
    0.11152E+01   -0.36440E+00    0.38699E+00    0.33704E+01
    0.11172E+01   -0.36364E+00    0.39356E+00    0.33600E+01
    0.11191E+01   -0.36286E+00    0.40010E+00    0.33494E+01
    0.11211E+01   -0.36207E+00    0.40663E+00    0.33388E+01
    0.11230E+01   -0.36127E+00    0.41313E+00    0.33281E+01
    0.11250E+01   -0.36046E+00    0.41961E+00    0.33172E+01
    0.11270E+01   -0.35963E+00    0.42607E+00    0.33063E+01
    0.11289E+01   -0.35879E+00    0.43251E+00    0.32952E+01
    0.11309E+01   -0.35794E+00    0.43893E+00    0.32840E+01
    0.11328E+01   -0.35708E+00    0.44532E+00    0.32727E+01
    0.11348E+01   -0.35620E+00    0.45170E+00    0.32613E+01
    0.11367E+01   -0.35532E+00    0.45805E+00    0.32498E+01
    0.11387E+01   -0.35441E+00    0.46437E+00    0.32382E+01
    0.11406E+01   -0.35350E+00    0.47068E+00    0.32265E+01
    0.11426E+01   -0.35258E+00    0.47696E+00    0.32147E+01
    0.11445E+01   -0.35164E+00    0.48322E+00    0.32028E+01
    0.11465E+01   -0.35069E+00    0.48946E+00    0.31907E+01
    0.11484E+01   -0.34973E+00    0.49567E+00    0.31786E+01
    0.11504E+01   -0.34875E+00    0.50185E+00    0.31663E+01
    0.11523E+01   -0.34777E+00    0.50802E+00    0.31540E+01
    0.11543E+01   -0.34677E+00    0.51416E+00    0.31415E+01
    0.11562E+01   -0.34576E+00    0.52027E+00    0.31290E+01
    0.11582E+01   -0.34474E+00    0.52636E+00    0.31163E+01
    0.11602E+01   -0.34370E+00    0.53242E+00    0.31035E+01
    0.11621E+01   -0.34266E+00    0.53846E+00    0.30907E+01
    0.11641E+01   -0.34160E+00    0.54448E+00    0.30777E+01
    0.11660E+01   -0.34053E+00    0.55047E+00    0.30646E+01
    0.11680E+01   -0.33945E+00    0.55643E+00    0.30515E+01
    0.11699E+01   -0.33836E+00    0.56237E+00    0.30382E+01
    0.11719E+01   -0.33725E+00    0.56828E+00    0.30248E+01
    0.11738E+01   -0.33614E+00    0.57416E+00    0.30113E+01
    0.11758E+01   -0.33501E+00    0.58002E+00    0.29978E+01
    0.11777E+01   -0.33387E+00    0.58585E+00    0.29841E+01
    0.11797E+01   -0.33272E+00    0.59165E+00    0.29703E+01
    0.11816E+01   -0.33156E+00    0.59743E+00    0.29565E+01
    0.11836E+01   -0.33039E+00    0.60318E+00    0.29425E+01
    0.11855E+01   -0.32920E+00    0.60890E+00    0.29284E+01
    0.11875E+01   -0.32801E+00    0.61460E+00    0.29143E+01
    0.11895E+01   -0.32680E+00    0.62027E+00    0.29000E+01
    0.11914E+01   -0.32558E+00    0.62590E+00    0.28857E+01
    0.11934E+01   -0.32436E+00    0.63152E+00    0.28712E+01
    0.11953E+01   -0.32312E+00    0.63710E+00    0.28567E+01
    0.11973E+01   -0.32187E+00    0.64265E+00    0.28421E+01
    0.11992E+01   -0.32061E+00    0.64818E+00    0.28273E+01
    0.12012E+01   -0.31934E+00    0.65367E+00    0.28125E+01
    0.12031E+01   -0.31805E+00    0.65914E+00    0.27976E+01
    0.12051E+01   -0.31676E+00    0.66458E+00    0.27826E+01
    0.12070E+01   -0.31546E+00    0.66998E+00    0.27675E+01
    0.12090E+01   -0.31414E+00    0.67536E+00    0.27523E+01
    0.12109E+01   -0.31282E+00    0.68071E+00    0.27371E+01
    0.12129E+01   -0.31148E+00    0.68603E+00    0.27217E+01
    0.12148E+01   -0.31014E+00    0.69132E+00    0.27063E+01
    0.12168E+01   -0.30878E+00    0.69658E+00    0.26907E+01
    0.12188E+01   -0.30742E+00    0.70180E+00    0.26751E+01
    0.12207E+01   -0.30604E+00    0.70700E+00    0.26594E+01
    0.12227E+01   -0.30466E+00    0.71217E+00    0.26436E+01
    0.12246E+01   -0.30326E+00    0.71730E+00    0.26277E+01
    0.12266E+01   -0.30186E+00    0.72240E+00    0.26117E+01
    0.12285E+01   -0.30044E+00    0.72748E+00    0.25957E+01
    0.12305E+01   -0.29901E+00    0.73252E+00    0.25795E+01
    0.12324E+01   -0.29758E+00    0.73753E+00    0.25633E+01
    0.12344E+01   -0.29613E+00    0.74250E+00    0.25470E+01
    0.12363E+01   -0.29468E+00    0.74745E+00    0.25306E+01
    0.12383E+01   -0.29321E+00    0.75236E+00    0.25141E+01
    0.12402E+01   -0.29174E+00    0.75724E+00    0.24976E+01
    0.12422E+01   -0.29025E+00    0.76209E+00    0.24809E+01
    0.12441E+01   -0.28876E+00    0.76690E+00    0.24642E+01
    0.12461E+01   -0.28726E+00    0.77169E+00    0.24474E+01
    0.12480E+01   -0.28575E+00    0.77644E+00    0.24305E+01
    0.12500E+01   -0.28423E+00    0.78115E+00    0.24136E+01
    0.12520E+01   -0.28270E+00    0.78584E+00    0.23965E+01
    0.12539E+01   -0.28116E+00    0.79048E+00    0.23794E+01
    0.12559E+01   -0.27961E+00    0.79510E+00    0.23622E+01
    0.12578E+01   -0.27805E+00    0.79968E+00    0.23450E+01
    0.12598E+01   -0.27648E+00    0.80423E+00    0.23276E+01
    0.12617E+01   -0.27491E+00    0.80875E+00    0.23102E+01
    0.12637E+01   -0.27332E+00    0.81323E+00    0.22927E+01
    0.12656E+01   -0.27173E+00    0.81767E+00    0.22752E+01
    0.12676E+01   -0.27013E+00    0.82208E+00    0.22575E+01
    0.12695E+01   -0.26852E+00    0.82646E+00    0.22398E+01
    0.12715E+01   -0.26690E+00    0.83080E+00    0.22220E+01
    0.12734E+01   -0.26528E+00    0.83511E+00    0.22042E+01
    0.12754E+01   -0.26364E+00    0.83938E+00    0.21863E+01
    0.12773E+01   -0.26200E+00    0.84362E+00    0.21683E+01
    0.12793E+01   -0.26034E+00    0.84782E+00    0.21502E+01
    0.12812E+01   -0.25868E+00    0.85199E+00    0.21321E+01
    0.12832E+01   -0.25702E+00    0.85612E+00    0.21139E+01
    0.12852E+01   -0.25534E+00    0.86021E+00    0.20956E+01
    0.12871E+01   -0.25366E+00    0.86427E+00    0.20773E+01
    0.12891E+01   -0.25196E+00    0.86830E+00    0.20589E+01
    0.12910E+01   -0.25026E+00    0.87228E+00    0.20405E+01
    0.12930E+01   -0.24856E+00    0.87623E+00    0.20219E+01
    0.12949E+01   -0.24684E+00    0.88015E+00    0.20034E+01
    0.12969E+01   -0.24512E+00    0.88403E+00    0.19847E+01
    0.12988E+01   -0.24339E+00    0.88787E+00    0.19660E+01
    0.13008E+01   -0.24165E+00    0.89167E+00    0.19472E+01
    0.13027E+01   -0.23991E+00    0.89544E+00    0.19284E+01
    0.13047E+01   -0.23815E+00    0.89917E+00    0.19095E+01
    0.13066E+01   -0.23639E+00    0.90287E+00    0.18905E+01
    0.13086E+01   -0.23463E+00    0.90652E+00    0.18715E+01
    0.13105E+01   -0.23285E+00    0.91014E+00    0.18525E+01
    0.13125E+01   -0.23107E+00    0.91373E+00    0.18333E+01
    0.13145E+01   -0.22928E+00    0.91727E+00    0.18142E+01
    0.13164E+01   -0.22749E+00    0.92078E+00    0.17949E+01
    0.13184E+01   -0.22569E+00    0.92425E+00    0.17756E+01
    0.13203E+01   -0.22388E+00    0.92768E+00    0.17563E+01
    0.13223E+01   -0.22206E+00    0.93107E+00    0.17369E+01
    0.13242E+01   -0.22024E+00    0.93443E+00    0.17174E+01
    0.13262E+01   -0.21841E+00    0.93775E+00    0.16979E+01
    0.13281E+01   -0.21658E+00    0.94103E+00    0.16784E+01
    0.13301E+01   -0.21474E+00    0.94427E+00    0.16588E+01
    0.13320E+01   -0.21289E+00    0.94747E+00    0.16391E+01
    0.13340E+01   -0.21103E+00    0.95064E+00    0.16194E+01
    0.13359E+01   -0.20917E+00    0.95376E+00    0.15996E+01
    0.13379E+01   -0.20731E+00    0.95685E+00    0.15798E+01
    0.13398E+01   -0.20544E+00    0.95990E+00    0.15600E+01
    0.13418E+01   -0.20356E+00    0.96291E+00    0.15401E+01
    0.13438E+01   -0.20168E+00    0.96588E+00    0.15202E+01
    0.13457E+01   -0.19979E+00    0.96881E+00    0.15002E+01
    0.13477E+01   -0.19789E+00    0.97170E+00    0.14802E+01
    0.13496E+01   -0.19599E+00    0.97456E+00    0.14601E+01
    0.13516E+01   -0.19408E+00    0.97737E+00    0.14400E+01
    0.13535E+01   -0.19217E+00    0.98014E+00    0.14198E+01
    0.13555E+01   -0.19026E+00    0.98288E+00    0.13997E+01
    0.13574E+01   -0.18833E+00    0.98557E+00    0.13794E+01
    0.13594E+01   -0.18641E+00    0.98823E+00    0.13592E+01
    0.13613E+01   -0.18447E+00    0.99085E+00    0.13389E+01
    0.13633E+01   -0.18254E+00    0.99342E+00    0.13185E+01
    0.13652E+01   -0.18059E+00    0.99596E+00    0.12981E+01
    0.13672E+01   -0.17864E+00    0.99846E+00    0.12777E+01
    0.13691E+01   -0.17669E+00    0.10009E+01    0.12573E+01
    0.13711E+01   -0.17473E+00    0.10033E+01    0.12368E+01
    0.13730E+01   -0.17277E+00    0.10057E+01    0.12163E+01
    0.13750E+01   -0.17081E+00    0.10080E+01    0.11957E+01
    0.13770E+01   -0.16884E+00    0.10103E+01    0.11752E+01
    0.13789E+01   -0.16686E+00    0.10126E+01    0.11546E+01
    0.13809E+01   -0.16488E+00    0.10148E+01    0.11339E+01
    0.13828E+01   -0.16290E+00    0.10170E+01    0.11133E+01
    0.13848E+01   -0.16091E+00    0.10191E+01    0.10926E+01
    0.13867E+01   -0.15891E+00    0.10212E+01    0.10719E+01
    0.13887E+01   -0.15692E+00    0.10233E+01    0.10511E+01
    0.13906E+01   -0.15492E+00    0.10253E+01    0.10303E+01
    0.13926E+01   -0.15291E+00    0.10273E+01    0.10095E+01
    0.13945E+01   -0.15090E+00    0.10292E+01    0.98873E+00
    0.13965E+01   -0.14889E+00    0.10311E+01    0.96789E+00
    0.13984E+01   -0.14688E+00    0.10329E+01    0.94703E+00
    0.14004E+01   -0.14486E+00    0.10347E+01    0.92615E+00
    0.14023E+01   -0.14283E+00    0.10365E+01    0.90524E+00
    0.14043E+01   -0.14081E+00    0.10382E+01    0.88432E+00
    0.14062E+01   -0.13878E+00    0.10399E+01    0.86338E+00
    0.14082E+01   -0.13675E+00    0.10416E+01    0.84242E+00
    0.14102E+01   -0.13471E+00    0.10432E+01    0.82145E+00
    0.14121E+01   -0.13267E+00    0.10447E+01    0.80046E+00
    0.14141E+01   -0.13063E+00    0.10463E+01    0.77945E+00
    0.14160E+01   -0.12858E+00    0.10477E+01    0.75843E+00
    0.14180E+01   -0.12654E+00    0.10492E+01    0.73740E+00
    0.14199E+01   -0.12449E+00    0.10506E+01    0.71636E+00
    0.14219E+01   -0.12243E+00    0.10519E+01    0.69530E+00
    0.14238E+01   -0.12038E+00    0.10533E+01    0.67423E+00
    0.14258E+01   -0.11832E+00    0.10545E+01    0.65316E+00
    0.14277E+01   -0.11626E+00    0.10558E+01    0.63207E+00
    0.14297E+01   -0.11419E+00    0.10570E+01    0.61098E+00
    0.14316E+01   -0.11213E+00    0.10581E+01    0.58988E+00
    0.14336E+01   -0.11006E+00    0.10592E+01    0.56877E+00
    0.14355E+01   -0.10799E+00    0.10603E+01    0.54766E+00
    0.14375E+01   -0.10592E+00    0.10613E+01    0.52655E+00
    0.14395E+01   -0.10385E+00    0.10623E+01    0.50543E+00
    0.14414E+01   -0.10177E+00    0.10633E+01    0.48431E+00
    0.14434E+01   -0.99692E-01    0.10642E+01    0.46318E+00
    0.14453E+01   -0.97612E-01    0.10650E+01    0.44206E+00
    0.14473E+01   -0.95532E-01    0.10659E+01    0.42093E+00
    0.14492E+01   -0.93449E-01    0.10666E+01    0.39981E+00
    0.14512E+01   -0.91365E-01    0.10674E+01    0.37869E+00
    0.14531E+01   -0.89279E-01    0.10681E+01    0.35757E+00
    0.14551E+01   -0.87193E-01    0.10687E+01    0.33646E+00
    0.14570E+01   -0.85105E-01    0.10693E+01    0.31535E+00
    0.14590E+01   -0.83016E-01    0.10699E+01    0.29424E+00
    0.14609E+01   -0.80925E-01    0.10705E+01    0.27314E+00
    0.14629E+01   -0.78834E-01    0.10710E+01    0.25205E+00
    0.14648E+01   -0.76742E-01    0.10714E+01    0.23096E+00
    0.14668E+01   -0.74649E-01    0.10718E+01    0.20989E+00
    0.14688E+01   -0.72555E-01    0.10722E+01    0.18882E+00
    0.14707E+01   -0.70461E-01    0.10725E+01    0.16777E+00
    0.14727E+01   -0.68365E-01    0.10728E+01    0.14672E+00
    0.14746E+01   -0.66270E-01    0.10730E+01    0.12569E+00
    0.14766E+01   -0.64174E-01    0.10732E+01    0.10468E+00
    0.14785E+01   -0.62077E-01    0.10734E+01    0.83672E-01
    0.14805E+01   -0.59981E-01    0.10735E+01    0.62683E-01
    0.14824E+01   -0.57884E-01    0.10736E+01    0.41710E-01
    0.14844E+01   -0.55787E-01    0.10737E+01    0.20754E-01
    0.14863E+01   -0.53690E-01    0.10737E+01   -0.18487E-03
    0.14883E+01   -0.51593E-01    0.10736E+01   -0.21105E-01
    0.14902E+01   -0.49496E-01    0.10735E+01   -0.42006E-01
    0.14922E+01   -0.47399E-01    0.10734E+01   -0.62886E-01
    0.14941E+01   -0.45303E-01    0.10732E+01   -0.83746E-01
    0.14961E+01   -0.43207E-01    0.10730E+01   -0.10458E+00
    0.14980E+01   -0.41111E-01    0.10728E+01   -0.12540E+00
    0.15000E+01   -0.39016E-01    0.10725E+01   -0.14619E+00
    0.15020E+01   -0.36922E-01    0.10722E+01   -0.16696E+00
    0.15039E+01   -0.34828E-01    0.10718E+01   -0.18770E+00
    0.15059E+01   -0.32735E-01    0.10714E+01   -0.20841E+00
    0.15078E+01   -0.30643E-01    0.10710E+01   -0.22910E+00
    0.15098E+01   -0.28552E-01    0.10705E+01   -0.24976E+00
    0.15117E+01   -0.26461E-01    0.10699E+01   -0.27039E+00
    0.15137E+01   -0.24372E-01    0.10694E+01   -0.29099E+00
    0.15156E+01   -0.22284E-01    0.10688E+01   -0.31156E+00
    0.15176E+01   -0.20197E-01    0.10681E+01   -0.33210E+00
    0.15195E+01   -0.18112E-01    0.10674E+01   -0.35261E+00
    0.15215E+01   -0.16028E-01    0.10667E+01   -0.37308E+00
    0.15234E+01   -0.13945E-01    0.10659E+01   -0.39352E+00
    0.15254E+01   -0.11864E-01    0.10651E+01   -0.41393E+00
    0.15273E+01   -0.97842E-02    0.10643E+01   -0.43430E+00
    0.15293E+01   -0.77064E-02    0.10634E+01   -0.45463E+00
    0.15312E+01   -0.56303E-02    0.10625E+01   -0.47492E+00
    0.15332E+01   -0.35561E-02    0.10615E+01   -0.49518E+00
    0.15352E+01   -0.14839E-02    0.10605E+01   -0.51540E+00
    0.15371E+01    0.58641E-03    0.10594E+01   -0.53558E+00
    0.15391E+01    0.26546E-02    0.10583E+01   -0.55572E+00
    0.15410E+01    0.47206E-02    0.10572E+01   -0.57582E+00
    0.15430E+01    0.67844E-02    0.10561E+01   -0.59587E+00
    0.15449E+01    0.88459E-02    0.10549E+01   -0.61589E+00
    0.15469E+01    0.10905E-01    0.10536E+01   -0.63585E+00
    0.15488E+01    0.12962E-01    0.10523E+01   -0.65578E+00
    0.15508E+01    0.15016E-01    0.10510E+01   -0.67566E+00
    0.15527E+01    0.17067E-01    0.10497E+01   -0.69549E+00
    0.15547E+01    0.19116E-01    0.10483E+01   -0.71527E+00
    0.15566E+01    0.21162E-01    0.10468E+01   -0.73501E+00
    0.15586E+01    0.23205E-01    0.10453E+01   -0.75470E+00
    0.15605E+01    0.25245E-01    0.10438E+01   -0.77434E+00
    0.15625E+01    0.27283E-01    0.10423E+01   -0.79393E+00
    0.15645E+01    0.29317E-01    0.10407E+01   -0.81347E+00
    0.15664E+01    0.31348E-01    0.10391E+01   -0.83296E+00
    0.15684E+01    0.33376E-01    0.10374E+01   -0.85239E+00
    0.15703E+01    0.35400E-01    0.10357E+01   -0.87177E+00
    0.15723E+01    0.37421E-01    0.10340E+01   -0.89110E+00
    0.15742E+01    0.39439E-01    0.10322E+01   -0.91037E+00
    0.15762E+01    0.41453E-01    0.10304E+01   -0.92959E+00
    0.15781E+01    0.43464E-01    0.10285E+01   -0.94875E+00
    0.15801E+01    0.45471E-01    0.10266E+01   -0.96786E+00
    0.15820E+01    0.47474E-01    0.10247E+01   -0.98690E+00
    0.15840E+01    0.49474E-01    0.10227E+01   -0.10059E+01
    0.15859E+01    0.51469E-01    0.10207E+01   -0.10248E+01
    0.15879E+01    0.53461E-01    0.10187E+01   -0.10437E+01
    0.15898E+01    0.55448E-01    0.10166E+01   -0.10625E+01
    0.15918E+01    0.57432E-01    0.10145E+01   -0.10812E+01
    0.15938E+01    0.59411E-01    0.10123E+01   -0.10999E+01
    0.15957E+01    0.61386E-01    0.10101E+01   -0.11186E+01
    0.15977E+01    0.63357E-01    0.10079E+01   -0.11371E+01
    0.15996E+01    0.65324E-01    0.10057E+01   -0.11556E+01
    0.16016E+01    0.67286E-01    0.10034E+01   -0.11740E+01
    0.16035E+01    0.69243E-01    0.10010E+01   -0.11924E+01
    0.16055E+01    0.71196E-01    0.99868E+00   -0.12107E+01
    0.16074E+01    0.73144E-01    0.99628E+00   -0.12289E+01
    0.16094E+01    0.75088E-01    0.99384E+00   -0.12471E+01
    0.16113E+01    0.77027E-01    0.99137E+00   -0.12652E+01
    0.16133E+01    0.78960E-01    0.98886E+00   -0.12832E+01
    0.16152E+01    0.80889E-01    0.98632E+00   -0.13012E+01
    0.16172E+01    0.82813E-01    0.98374E+00   -0.13191E+01
    0.16191E+01    0.84732E-01    0.98113E+00   -0.13369E+01
    0.16211E+01    0.86646E-01    0.97848E+00   -0.13546E+01
    0.16230E+01    0.88554E-01    0.97580E+00   -0.13723E+01
    0.16250E+01    0.90458E-01    0.97308E+00   -0.13899E+01
    0.16270E+01    0.92355E-01    0.97033E+00   -0.14074E+01
    0.16289E+01    0.94248E-01    0.96755E+00   -0.14249E+01
    0.16309E+01    0.96135E-01    0.96473E+00   -0.14422E+01
    0.16328E+01    0.98016E-01    0.96188E+00   -0.14595E+01
    0.16348E+01    0.99892E-01    0.95899E+00   -0.14768E+01
    0.16367E+01    0.10176E+00    0.95607E+00   -0.14939E+01
    0.16387E+01    0.10363E+00    0.95312E+00   -0.15110E+01
    0.16406E+01    0.10549E+00    0.95014E+00   -0.15280E+01
    0.16426E+01    0.10734E+00    0.94712E+00   -0.15449E+01
    0.16445E+01    0.10919E+00    0.94406E+00   -0.15617E+01
    0.16465E+01    0.11103E+00    0.94098E+00   -0.15785E+01
    0.16484E+01    0.11286E+00    0.93786E+00   -0.15951E+01
    0.16504E+01    0.11469E+00    0.93471E+00   -0.16117E+01
    0.16523E+01    0.11651E+00    0.93153E+00   -0.16283E+01
    0.16543E+01    0.11833E+00    0.92832E+00   -0.16447E+01
    0.16562E+01    0.12014E+00    0.92507E+00   -0.16610E+01
    0.16582E+01    0.12194E+00    0.92179E+00   -0.16773E+01
    0.16602E+01    0.12374E+00    0.91849E+00   -0.16935E+01
    0.16621E+01    0.12553E+00    0.91514E+00   -0.17096E+01
    0.16641E+01    0.12731E+00    0.91177E+00   -0.17256E+01
    0.16660E+01    0.12909E+00    0.90837E+00   -0.17415E+01
    0.16680E+01    0.13086E+00    0.90494E+00   -0.17574E+01
    0.16699E+01    0.13263E+00    0.90147E+00   -0.17731E+01
    0.16719E+01    0.13438E+00    0.89797E+00   -0.17888E+01
    0.16738E+01    0.13613E+00    0.89445E+00   -0.18044E+01
    0.16758E+01    0.13788E+00    0.89089E+00   -0.18199E+01
    0.16777E+01    0.13961E+00    0.88731E+00   -0.18353E+01
    0.16797E+01    0.14134E+00    0.88369E+00   -0.18506E+01
    0.16816E+01    0.14307E+00    0.88004E+00   -0.18658E+01
    0.16836E+01    0.14478E+00    0.87637E+00   -0.18809E+01
    0.16855E+01    0.14649E+00    0.87266E+00   -0.18960E+01
    0.16875E+01    0.14819E+00    0.86893E+00   -0.19110E+01
    0.16895E+01    0.14988E+00    0.86517E+00   -0.19258E+01
    0.16914E+01    0.15157E+00    0.86137E+00   -0.19406E+01
    0.16934E+01    0.15325E+00    0.85755E+00   -0.19553E+01
    0.16953E+01    0.15492E+00    0.85370E+00   -0.19699E+01
    0.16973E+01    0.15658E+00    0.84983E+00   -0.19844E+01
    0.16992E+01    0.15824E+00    0.84592E+00   -0.19988E+01
    0.17012E+01    0.15989E+00    0.84199E+00   -0.20131E+01
    0.17031E+01    0.16153E+00    0.83803E+00   -0.20273E+01
    0.17051E+01    0.16316E+00    0.83404E+00   -0.20414E+01
    0.17070E+01    0.16479E+00    0.83002E+00   -0.20554E+01
    0.17090E+01    0.16640E+00    0.82598E+00   -0.20694E+01
    0.17109E+01    0.16801E+00    0.82191E+00   -0.20832E+01
    0.17129E+01    0.16961E+00    0.81781E+00   -0.20969E+01
    0.17148E+01    0.17121E+00    0.81368E+00   -0.21106E+01
    0.17168E+01    0.17279E+00    0.80953E+00   -0.21241E+01
    0.17188E+01    0.17437E+00    0.80536E+00   -0.21376E+01
    0.17207E+01    0.17594E+00    0.80115E+00   -0.21509E+01
    0.17227E+01    0.17750E+00    0.79692E+00   -0.21642E+01
    0.17246E+01    0.17905E+00    0.79267E+00   -0.21773E+01
    0.17266E+01    0.18060E+00    0.78839E+00   -0.21904E+01
    0.17285E+01    0.18213E+00    0.78408E+00   -0.22033E+01
    0.17305E+01    0.18366E+00    0.77975E+00   -0.22162E+01
    0.17324E+01    0.18518E+00    0.77540E+00   -0.22289E+01
    0.17344E+01    0.18669E+00    0.77102E+00   -0.22416E+01
    0.17363E+01    0.18819E+00    0.76661E+00   -0.22541E+01
    0.17383E+01    0.18968E+00    0.76218E+00   -0.22666E+01
    0.17402E+01    0.19117E+00    0.75773E+00   -0.22789E+01
    0.17422E+01    0.19264E+00    0.75325E+00   -0.22912E+01
    0.17441E+01    0.19411E+00    0.74875E+00   -0.23033E+01
    0.17461E+01    0.19557E+00    0.74423E+00   -0.23153E+01
    0.17480E+01    0.19702E+00    0.73968E+00   -0.23273E+01
    0.17500E+01    0.19846E+00    0.73511E+00   -0.23391E+01
    0.17520E+01    0.19989E+00    0.73051E+00   -0.23509E+01
    0.17539E+01    0.20131E+00    0.72590E+00   -0.23625E+01
    0.17559E+01    0.20272E+00    0.72126E+00   -0.23740E+01
    0.17578E+01    0.20413E+00    0.71660E+00   -0.23854E+01
    0.17598E+01    0.20552E+00    0.71191E+00   -0.23967E+01
    0.17617E+01    0.20691E+00    0.70721E+00   -0.24080E+01
    0.17637E+01    0.20829E+00    0.70248E+00   -0.24191E+01
    0.17656E+01    0.20965E+00    0.69773E+00   -0.24301E+01
    0.17676E+01    0.21101E+00    0.69296E+00   -0.24410E+01
    0.17695E+01    0.21236E+00    0.68817E+00   -0.24518E+01
    0.17715E+01    0.21370E+00    0.68336E+00   -0.24624E+01
    0.17734E+01    0.21503E+00    0.67853E+00   -0.24730E+01
    0.17754E+01    0.21635E+00    0.67367E+00   -0.24835E+01
    0.17773E+01    0.21766E+00    0.66880E+00   -0.24939E+01
    0.17793E+01    0.21896E+00    0.66391E+00   -0.25041E+01
    0.17812E+01    0.22025E+00    0.65900E+00   -0.25143E+01
    0.17832E+01    0.22154E+00    0.65406E+00   -0.25243E+01
    0.17852E+01    0.22281E+00    0.64911E+00   -0.25343E+01
    0.17871E+01    0.22407E+00    0.64414E+00   -0.25441E+01
    0.17891E+01    0.22533E+00    0.63915E+00   -0.25538E+01
    0.17910E+01    0.22657E+00    0.63414E+00   -0.25634E+01
    0.17930E+01    0.22780E+00    0.62911E+00   -0.25729E+01
    0.17949E+01    0.22903E+00    0.62407E+00   -0.25823E+01
    0.17969E+01    0.23024E+00    0.61900E+00   -0.25916E+01
    0.17988E+01    0.23144E+00    0.61392E+00   -0.26008E+01
    0.18008E+01    0.23264E+00    0.60882E+00   -0.26099E+01
    0.18027E+01    0.23382E+00    0.60370E+00   -0.26188E+01
    0.18047E+01    0.23500E+00    0.59857E+00   -0.26277E+01
    0.18066E+01    0.23616E+00    0.59341E+00   -0.26364E+01
    0.18086E+01    0.23731E+00    0.58825E+00   -0.26451E+01
    0.18105E+01    0.23846E+00    0.58306E+00   -0.26536E+01
    0.18125E+01    0.23959E+00    0.57786E+00   -0.26620E+01
    0.18145E+01    0.24072E+00    0.57264E+00   -0.26703E+01
    0.18164E+01    0.24183E+00    0.56741E+00   -0.26785E+01
    0.18184E+01    0.24293E+00    0.56216E+00   -0.26866E+01
    0.18203E+01    0.24402E+00    0.55689E+00   -0.26945E+01
    0.18223E+01    0.24511E+00    0.55161E+00   -0.27024E+01
    0.18242E+01    0.24618E+00    0.54631E+00   -0.27102E+01
    0.18262E+01    0.24724E+00    0.54100E+00   -0.27178E+01
    0.18281E+01    0.24829E+00    0.53568E+00   -0.27253E+01
    0.18301E+01    0.24933E+00    0.53034E+00   -0.27328E+01
    0.18320E+01    0.25036E+00    0.52498E+00   -0.27401E+01
    0.18340E+01    0.25138E+00    0.51962E+00   -0.27473E+01
    0.18359E+01    0.25239E+00    0.51423E+00   -0.27543E+01
    0.18379E+01    0.25339E+00    0.50884E+00   -0.27613E+01
    0.18398E+01    0.25438E+00    0.50343E+00   -0.27682E+01
    0.18418E+01    0.25536E+00    0.49801E+00   -0.27749E+01
    0.18438E+01    0.25633E+00    0.49257E+00   -0.27816E+01
    0.18457E+01    0.25728E+00    0.48712E+00   -0.27881E+01
    0.18477E+01    0.25823E+00    0.48166E+00   -0.27945E+01
    0.18496E+01    0.25917E+00    0.47619E+00   -0.28008E+01
    0.18516E+01    0.26009E+00    0.47070E+00   -0.28070E+01
    0.18535E+01    0.26100E+00    0.46521E+00   -0.28131E+01
    0.18555E+01    0.26191E+00    0.45970E+00   -0.28191E+01
    0.18574E+01    0.26280E+00    0.45418E+00   -0.28249E+01
    0.18594E+01    0.26368E+00    0.44865E+00   -0.28307E+01
    0.18613E+01    0.26455E+00    0.44310E+00   -0.28363E+01
    0.18633E+01    0.26541E+00    0.43755E+00   -0.28418E+01
    0.18652E+01    0.26626E+00    0.43199E+00   -0.28473E+01
    0.18672E+01    0.26710E+00    0.42641E+00   -0.28526E+01
    0.18691E+01    0.26793E+00    0.42083E+00   -0.28577E+01
    0.18711E+01    0.26874E+00    0.41523E+00   -0.28628E+01
    0.18730E+01    0.26955E+00    0.40963E+00   -0.28678E+01
    0.18750E+01    0.27034E+00    0.40402E+00   -0.28726E+01
    0.18770E+01    0.27113E+00    0.39839E+00   -0.28774E+01
    0.18789E+01    0.27190E+00    0.39276E+00   -0.28820E+01
    0.18809E+01    0.27266E+00    0.38712E+00   -0.28865E+01
    0.18828E+01    0.27341E+00    0.38147E+00   -0.28909E+01
    0.18848E+01    0.27415E+00    0.37581E+00   -0.28952E+01
    0.18867E+01    0.27488E+00    0.37015E+00   -0.28994E+01
    0.18887E+01    0.27560E+00    0.36447E+00   -0.29035E+01
    0.18906E+01    0.27630E+00    0.35879E+00   -0.29074E+01
    0.18926E+01    0.27700E+00    0.35310E+00   -0.29113E+01
    0.18945E+01    0.27768E+00    0.34741E+00   -0.29150E+01
    0.18965E+01    0.27836E+00    0.34170E+00   -0.29186E+01
    0.18984E+01    0.27902E+00    0.33599E+00   -0.29221E+01
    0.19004E+01    0.27967E+00    0.33028E+00   -0.29255E+01
    0.19023E+01    0.28031E+00    0.32455E+00   -0.29288E+01
    0.19043E+01    0.28094E+00    0.31883E+00   -0.29320E+01
    0.19062E+01    0.28155E+00    0.31309E+00   -0.29350E+01
    0.19082E+01    0.28216E+00    0.30735E+00   -0.29380E+01
    0.19102E+01    0.28275E+00    0.30160E+00   -0.29408E+01
    0.19121E+01    0.28334E+00    0.29585E+00   -0.29435E+01
    0.19141E+01    0.28391E+00    0.29009E+00   -0.29462E+01
    0.19160E+01    0.28447E+00    0.28433E+00   -0.29487E+01
    0.19180E+01    0.28502E+00    0.27856E+00   -0.29511E+01
    0.19199E+01    0.28556E+00    0.27279E+00   -0.29533E+01
    0.19219E+01    0.28609E+00    0.26702E+00   -0.29555E+01
    0.19238E+01    0.28660E+00    0.26124E+00   -0.29576E+01
    0.19258E+01    0.28711E+00    0.25546E+00   -0.29595E+01
    0.19277E+01    0.28760E+00    0.24967E+00   -0.29614E+01
    0.19297E+01    0.28808E+00    0.24388E+00   -0.29631E+01
    0.19316E+01    0.28855E+00    0.23809E+00   -0.29647E+01
    0.19336E+01    0.28901E+00    0.23229E+00   -0.29662E+01
    0.19355E+01    0.28946E+00    0.22649E+00   -0.29676E+01
    0.19375E+01    0.28990E+00    0.22069E+00   -0.29689E+01
    0.19395E+01    0.29032E+00    0.21488E+00   -0.29701E+01
    0.19414E+01    0.29074E+00    0.20908E+00   -0.29711E+01
    0.19434E+01    0.29114E+00    0.20327E+00   -0.29721E+01
    0.19453E+01    0.29153E+00    0.19746E+00   -0.29729E+01
    0.19473E+01    0.29191E+00    0.19165E+00   -0.29737E+01
    0.19492E+01    0.29228E+00    0.18584E+00   -0.29743E+01
    0.19512E+01    0.29264E+00    0.18003E+00   -0.29748E+01
    0.19531E+01    0.29298E+00    0.17421E+00   -0.29752E+01
    0.19551E+01    0.29332E+00    0.16840E+00   -0.29755E+01
    0.19570E+01    0.29364E+00    0.16258E+00   -0.29757E+01
    0.19590E+01    0.29395E+00    0.15677E+00   -0.29758E+01
    0.19609E+01    0.29425E+00    0.15095E+00   -0.29757E+01
    0.19629E+01    0.29454E+00    0.14514E+00   -0.29756E+01
    0.19648E+01    0.29482E+00    0.13932E+00   -0.29753E+01
    0.19668E+01    0.29509E+00    0.13351E+00   -0.29750E+01
    0.19688E+01    0.29534E+00    0.12770E+00   -0.29745E+01
    0.19707E+01    0.29558E+00    0.12189E+00   -0.29739E+01
    0.19727E+01    0.29582E+00    0.11608E+00   -0.29733E+01
    0.19746E+01    0.29604E+00    0.11027E+00   -0.29725E+01
    0.19766E+01    0.29625E+00    0.10446E+00   -0.29716E+01
    0.19785E+01    0.29645E+00    0.98657E-01   -0.29706E+01
    0.19805E+01    0.29663E+00    0.92855E-01   -0.29695E+01
    0.19824E+01    0.29681E+00    0.87055E-01   -0.29682E+01
    0.19844E+01    0.29697E+00    0.81257E-01   -0.29669E+01
    0.19863E+01    0.29713E+00    0.75462E-01   -0.29655E+01
    0.19883E+01    0.29727E+00    0.69670E-01   -0.29639E+01
    0.19902E+01    0.29740E+00    0.63882E-01   -0.29623E+01
    0.19922E+01    0.29752E+00    0.58097E-01   -0.29605E+01
    0.19941E+01    0.29763E+00    0.52315E-01   -0.29587E+01
    0.19961E+01    0.29772E+00    0.46537E-01   -0.29567E+01
    0.19980E+01    0.29781E+00    0.40764E-01   -0.29546E+01
    0.20000E+01    0.29788E+00    0.34994E-01   -0.29525E+01
    0.20020E+01    0.29794E+00    0.29229E-01   -0.29502E+01
    0.20039E+01    0.29800E+00    0.23469E-01   -0.29478E+01
    0.20059E+01    0.29804E+00    0.17714E-01   -0.29453E+01
    0.20078E+01    0.29806E+00    0.11964E-01   -0.29427E+01
    0.20098E+01    0.29808E+00    0.62185E-02   -0.29400E+01
    0.20117E+01    0.29809E+00    0.47896E-03   -0.29372E+01
    0.20137E+01    0.29808E+00   -0.52549E-02   -0.29343E+01
    0.20156E+01    0.29807E+00   -0.10983E-01   -0.29313E+01
    0.20176E+01    0.29804E+00   -0.16705E-01   -0.29281E+01
    0.20195E+01    0.29800E+00   -0.22420E-01   -0.29249E+01
    0.20215E+01    0.29795E+00   -0.28129E-01   -0.29216E+01
    0.20234E+01    0.29789E+00   -0.33832E-01   -0.29182E+01
    0.20254E+01    0.29782E+00   -0.39527E-01   -0.29146E+01
    0.20273E+01    0.29774E+00   -0.45215E-01   -0.29110E+01
    0.20293E+01    0.29765E+00   -0.50896E-01   -0.29072E+01
    0.20312E+01    0.29754E+00   -0.56570E-01   -0.29034E+01
    0.20332E+01    0.29742E+00   -0.62236E-01   -0.28995E+01
    0.20352E+01    0.29730E+00   -0.67894E-01   -0.28954E+01
    0.20371E+01    0.29716E+00   -0.73544E-01   -0.28913E+01
    0.20391E+01    0.29701E+00   -0.79185E-01   -0.28870E+01
    0.20410E+01    0.29685E+00   -0.84818E-01   -0.28827E+01
    0.20430E+01    0.29668E+00   -0.90443E-01   -0.28782E+01
    0.20449E+01    0.29650E+00   -0.96058E-01   -0.28737E+01
    0.20469E+01    0.29630E+00   -0.10166E+00   -0.28690E+01
    0.20488E+01    0.29610E+00   -0.10726E+00   -0.28643E+01
    0.20508E+01    0.29588E+00   -0.11285E+00   -0.28594E+01
    0.20527E+01    0.29566E+00   -0.11843E+00   -0.28545E+01
    0.20547E+01    0.29542E+00   -0.12400E+00   -0.28494E+01
    0.20566E+01    0.29517E+00   -0.12955E+00   -0.28443E+01
    0.20586E+01    0.29492E+00   -0.13510E+00   -0.28390E+01
    0.20605E+01    0.29465E+00   -0.14064E+00   -0.28337E+01
    0.20625E+01    0.29437E+00   -0.14616E+00   -0.28283E+01
    0.20645E+01    0.29408E+00   -0.15168E+00   -0.28227E+01
    0.20664E+01    0.29377E+00   -0.15719E+00   -0.28171E+01
    0.20684E+01    0.29346E+00   -0.16268E+00   -0.28113E+01
    0.20703E+01    0.29314E+00   -0.16816E+00   -0.28055E+01
    0.20723E+01    0.29280E+00   -0.17363E+00   -0.27996E+01
    0.20742E+01    0.29246E+00   -0.17909E+00   -0.27935E+01
    0.20762E+01    0.29210E+00   -0.18454E+00   -0.27874E+01
    0.20781E+01    0.29174E+00   -0.18997E+00   -0.27812E+01
    0.20801E+01    0.29136E+00   -0.19539E+00   -0.27749E+01
    0.20820E+01    0.29098E+00   -0.20080E+00   -0.27685E+01
    0.20840E+01    0.29058E+00   -0.20620E+00   -0.27620E+01
    0.20859E+01    0.29017E+00   -0.21159E+00   -0.27554E+01
    0.20879E+01    0.28975E+00   -0.21696E+00   -0.27487E+01
    0.20898E+01    0.28932E+00   -0.22232E+00   -0.27419E+01
    0.20918E+01    0.28888E+00   -0.22766E+00   -0.27350E+01
    0.20938E+01    0.28843E+00   -0.23299E+00   -0.27280E+01
    0.20957E+01    0.28797E+00   -0.23831E+00   -0.27209E+01
    0.20977E+01    0.28750E+00   -0.24361E+00   -0.27138E+01
    0.20996E+01    0.28702E+00   -0.24890E+00   -0.27065E+01
    0.21016E+01    0.28653E+00   -0.25417E+00   -0.26992E+01
    0.21035E+01    0.28603E+00   -0.25943E+00   -0.26917E+01
    0.21055E+01    0.28552E+00   -0.26468E+00   -0.26842E+01
    0.21074E+01    0.28499E+00   -0.26991E+00   -0.26766E+01
    0.21094E+01    0.28446E+00   -0.27512E+00   -0.26689E+01
    0.21113E+01    0.28392E+00   -0.28032E+00   -0.26610E+01
    0.21133E+01    0.28337E+00   -0.28551E+00   -0.26532E+01
    0.21152E+01    0.28280E+00   -0.29068E+00   -0.26452E+01
    0.21172E+01    0.28223E+00   -0.29583E+00   -0.26371E+01
    0.21191E+01    0.28165E+00   -0.30097E+00   -0.26289E+01
    0.21211E+01    0.28106E+00   -0.30609E+00   -0.26207E+01
    0.21230E+01    0.28045E+00   -0.31119E+00   -0.26123E+01
    0.21250E+01    0.27984E+00   -0.31628E+00   -0.26039E+01
    0.21270E+01    0.27922E+00   -0.32135E+00   -0.25954E+01
    0.21289E+01    0.27859E+00   -0.32641E+00   -0.25868E+01
    0.21309E+01    0.27794E+00   -0.33145E+00   -0.25781E+01
    0.21328E+01    0.27729E+00   -0.33647E+00   -0.25693E+01
    0.21348E+01    0.27663E+00   -0.34147E+00   -0.25604E+01
    0.21367E+01    0.27596E+00   -0.34646E+00   -0.25515E+01
    0.21387E+01    0.27528E+00   -0.35142E+00   -0.25424E+01
    0.21406E+01    0.27458E+00   -0.35637E+00   -0.25333E+01
    0.21426E+01    0.27388E+00   -0.36131E+00   -0.25241E+01
    0.21445E+01    0.27317E+00   -0.36622E+00   -0.25148E+01
    0.21465E+01    0.27245E+00   -0.37112E+00   -0.25054E+01
    0.21484E+01    0.27172E+00   -0.37599E+00   -0.24959E+01
    0.21504E+01    0.27098E+00   -0.38085E+00   -0.24864E+01
    0.21523E+01    0.27024E+00   -0.38569E+00   -0.24767E+01
    0.21543E+01    0.26948E+00   -0.39051E+00   -0.24670E+01
    0.21562E+01    0.26871E+00   -0.39531E+00   -0.24572E+01
    0.21582E+01    0.26793E+00   -0.40010E+00   -0.24473E+01
    0.21602E+01    0.26715E+00   -0.40486E+00   -0.24374E+01
    0.21621E+01    0.26635E+00   -0.40960E+00   -0.24273E+01
    0.21641E+01    0.26555E+00   -0.41433E+00   -0.24172E+01
    0.21660E+01    0.26473E+00   -0.41903E+00   -0.24070E+01
    0.21680E+01    0.26391E+00   -0.42371E+00   -0.23967E+01
    0.21699E+01    0.26308E+00   -0.42838E+00   -0.23864E+01
    0.21719E+01    0.26224E+00   -0.43302E+00   -0.23759E+01
    0.21738E+01    0.26139E+00   -0.43764E+00   -0.23654E+01
    0.21758E+01    0.26053E+00   -0.44224E+00   -0.23548E+01
    0.21777E+01    0.25966E+00   -0.44682E+00   -0.23441E+01
    0.21797E+01    0.25878E+00   -0.45138E+00   -0.23333E+01
    0.21816E+01    0.25790E+00   -0.45592E+00   -0.23225E+01
    0.21836E+01    0.25700E+00   -0.46044E+00   -0.23116E+01
    0.21855E+01    0.25610E+00   -0.46493E+00   -0.23006E+01
    0.21875E+01    0.25518E+00   -0.46941E+00   -0.22895E+01
    0.21895E+01    0.25426E+00   -0.47386E+00   -0.22784E+01
    0.21914E+01    0.25333E+00   -0.47829E+00   -0.22672E+01
    0.21934E+01    0.25240E+00   -0.48270E+00   -0.22559E+01
    0.21953E+01    0.25145E+00   -0.48708E+00   -0.22445E+01
    0.21973E+01    0.25049E+00   -0.49145E+00   -0.22331E+01
    0.21992E+01    0.24953E+00   -0.49579E+00   -0.22216E+01
    0.22012E+01    0.24856E+00   -0.50011E+00   -0.22100E+01
    0.22031E+01    0.24757E+00   -0.50440E+00   -0.21983E+01
    0.22051E+01    0.24659E+00   -0.50868E+00   -0.21866E+01
    0.22070E+01    0.24559E+00   -0.51293E+00   -0.21748E+01
    0.22090E+01    0.24458E+00   -0.51715E+00   -0.21629E+01
    0.22109E+01    0.24357E+00   -0.52136E+00   -0.21510E+01
    0.22129E+01    0.24255E+00   -0.52554E+00   -0.21390E+01
    0.22148E+01    0.24151E+00   -0.52969E+00   -0.21269E+01
    0.22168E+01    0.24048E+00   -0.53382E+00   -0.21147E+01
    0.22188E+01    0.23943E+00   -0.53793E+00   -0.21025E+01
    0.22207E+01    0.23837E+00   -0.54202E+00   -0.20902E+01
    0.22227E+01    0.23731E+00   -0.54608E+00   -0.20779E+01
    0.22246E+01    0.23624E+00   -0.55011E+00   -0.20654E+01
    0.22266E+01    0.23516E+00   -0.55413E+00   -0.20530E+01
    0.22285E+01    0.23408E+00   -0.55811E+00   -0.20404E+01
    0.22305E+01    0.23298E+00   -0.56207E+00   -0.20278E+01
    0.22324E+01    0.23188E+00   -0.56601E+00   -0.20151E+01
    0.22344E+01    0.23077E+00   -0.56993E+00   -0.20023E+01
    0.22363E+01    0.22966E+00   -0.57381E+00   -0.19895E+01
    0.22383E+01    0.22853E+00   -0.57768E+00   -0.19766E+01
    0.22402E+01    0.22740E+00   -0.58151E+00   -0.19637E+01
    0.22422E+01    0.22626E+00   -0.58532E+00   -0.19507E+01
    0.22441E+01    0.22511E+00   -0.58911E+00   -0.19376E+01
    0.22461E+01    0.22396E+00   -0.59287E+00   -0.19245E+01
    0.22480E+01    0.22280E+00   -0.59661E+00   -0.19113E+01
    0.22500E+01    0.22163E+00   -0.60031E+00   -0.18980E+01
    0.22520E+01    0.22045E+00   -0.60400E+00   -0.18847E+01
    0.22539E+01    0.21927E+00   -0.60765E+00   -0.18713E+01
    0.22559E+01    0.21808E+00   -0.61128E+00   -0.18579E+01
    0.22578E+01    0.21688E+00   -0.61489E+00   -0.18444E+01
    0.22598E+01    0.21568E+00   -0.61847E+00   -0.18308E+01
    0.22617E+01    0.21446E+00   -0.62202E+00   -0.18172E+01
    0.22637E+01    0.21325E+00   -0.62554E+00   -0.18036E+01
    0.22656E+01    0.21202E+00   -0.62904E+00   -0.17898E+01
    0.22676E+01    0.21079E+00   -0.63251E+00   -0.17761E+01
    0.22695E+01    0.20955E+00   -0.63595E+00   -0.17622E+01
    0.22715E+01    0.20830E+00   -0.63937E+00   -0.17483E+01
    0.22734E+01    0.20705E+00   -0.64276E+00   -0.17344E+01
    0.22754E+01    0.20579E+00   -0.64612E+00   -0.17204E+01
    0.22773E+01    0.20453E+00   -0.64946E+00   -0.17063E+01
    0.22793E+01    0.20326E+00   -0.65276E+00   -0.16922E+01
    0.22812E+01    0.20198E+00   -0.65604E+00   -0.16781E+01
    0.22832E+01    0.20069E+00   -0.65929E+00   -0.16638E+01
    0.22852E+01    0.19940E+00   -0.66252E+00   -0.16496E+01
    0.22871E+01    0.19811E+00   -0.66571E+00   -0.16353E+01
    0.22891E+01    0.19680E+00   -0.66888E+00   -0.16209E+01
    0.22910E+01    0.19549E+00   -0.67202E+00   -0.16065E+01
    0.22930E+01    0.19418E+00   -0.67513E+00   -0.15920E+01
    0.22949E+01    0.19286E+00   -0.67821E+00   -0.15775E+01
    0.22969E+01    0.19153E+00   -0.68127E+00   -0.15630E+01
    0.22988E+01    0.19019E+00   -0.68429E+00   -0.15484E+01
    0.23008E+01    0.18886E+00   -0.68729E+00   -0.15337E+01
    0.23027E+01    0.18751E+00   -0.69026E+00   -0.15190E+01
    0.23047E+01    0.18616E+00   -0.69320E+00   -0.15043E+01
    0.23066E+01    0.18480E+00   -0.69611E+00   -0.14895E+01
    0.23086E+01    0.18344E+00   -0.69899E+00   -0.14746E+01
    0.23105E+01    0.18207E+00   -0.70184E+00   -0.14598E+01
    0.23125E+01    0.18070E+00   -0.70466E+00   -0.14448E+01
    0.23145E+01    0.17932E+00   -0.70746E+00   -0.14299E+01
    0.23164E+01    0.17793E+00   -0.71022E+00   -0.14149E+01
    0.23184E+01    0.17654E+00   -0.71296E+00   -0.13998E+01
    0.23203E+01    0.17515E+00   -0.71566E+00   -0.13847E+01
    0.23223E+01    0.17375E+00   -0.71834E+00   -0.13696E+01
    0.23242E+01    0.17234E+00   -0.72099E+00   -0.13544E+01
    0.23262E+01    0.17093E+00   -0.72360E+00   -0.13392E+01
    0.23281E+01    0.16952E+00   -0.72619E+00   -0.13240E+01
    0.23301E+01    0.16810E+00   -0.72875E+00   -0.13087E+01
    0.23320E+01    0.16667E+00   -0.73128E+00   -0.12934E+01
    0.23340E+01    0.16524E+00   -0.73377E+00   -0.12780E+01
    0.23359E+01    0.16380E+00   -0.73624E+00   -0.12626E+01
    0.23379E+01    0.16236E+00   -0.73868E+00   -0.12472E+01
    0.23398E+01    0.16092E+00   -0.74108E+00   -0.12317E+01
    0.23418E+01    0.15947E+00   -0.74346E+00   -0.12162E+01
    0.23438E+01    0.15801E+00   -0.74581E+00   -0.12007E+01
    0.23457E+01    0.15656E+00   -0.74812E+00   -0.11851E+01
    0.23477E+01    0.15509E+00   -0.75041E+00   -0.11695E+01
    0.23496E+01    0.15362E+00   -0.75266E+00   -0.11539E+01
    0.23516E+01    0.15215E+00   -0.75489E+00   -0.11382E+01
    0.23535E+01    0.15068E+00   -0.75708E+00   -0.11225E+01
    0.23555E+01    0.14919E+00   -0.75924E+00   -0.11068E+01
    0.23574E+01    0.14771E+00   -0.76138E+00   -0.10910E+01
    0.23594E+01    0.14622E+00   -0.76348E+00   -0.10753E+01
    0.23613E+01    0.14473E+00   -0.76555E+00   -0.10595E+01
    0.23633E+01    0.14323E+00   -0.76759E+00   -0.10436E+01
    0.23652E+01    0.14173E+00   -0.76959E+00   -0.10277E+01
    0.23672E+01    0.14022E+00   -0.77157E+00   -0.10119E+01
    0.23691E+01    0.13871E+00   -0.77352E+00   -0.99594E+00
    0.23711E+01    0.13720E+00   -0.77543E+00   -0.98000E+00
    0.23730E+01    0.13569E+00   -0.77732E+00   -0.96404E+00
    0.23750E+01    0.13417E+00   -0.77917E+00   -0.94805E+00
    0.23770E+01    0.13264E+00   -0.78099E+00   -0.93204E+00
    0.23789E+01    0.13111E+00   -0.78278E+00   -0.91600E+00
    0.23809E+01    0.12958E+00   -0.78454E+00   -0.89995E+00
    0.23828E+01    0.12805E+00   -0.78627E+00   -0.88387E+00
    0.23848E+01    0.12651E+00   -0.78796E+00   -0.86778E+00
    0.23867E+01    0.12497E+00   -0.78963E+00   -0.85166E+00
    0.23887E+01    0.12343E+00   -0.79126E+00   -0.83552E+00
    0.23906E+01    0.12188E+00   -0.79286E+00   -0.81937E+00
    0.23926E+01    0.12033E+00   -0.79443E+00   -0.80320E+00
    0.23945E+01    0.11878E+00   -0.79597E+00   -0.78701E+00
    0.23965E+01    0.11722E+00   -0.79747E+00   -0.77080E+00
    0.23984E+01    0.11566E+00   -0.79895E+00   -0.75458E+00
    0.24004E+01    0.11410E+00   -0.80039E+00   -0.73834E+00
    0.24023E+01    0.11254E+00   -0.80180E+00   -0.72209E+00
    0.24043E+01    0.11097E+00   -0.80318E+00   -0.70582E+00
    0.24062E+01    0.10940E+00   -0.80453E+00   -0.68954E+00
    0.24082E+01    0.10783E+00   -0.80584E+00   -0.67325E+00
    0.24102E+01    0.10625E+00   -0.80713E+00   -0.65695E+00
    0.24121E+01    0.10467E+00   -0.80838E+00   -0.64063E+00
    0.24141E+01    0.10309E+00   -0.80960E+00   -0.62431E+00
    0.24160E+01    0.10151E+00   -0.81079E+00   -0.60797E+00
    0.24180E+01    0.99926E-01   -0.81194E+00   -0.59163E+00
    0.24199E+01    0.98339E-01   -0.81307E+00   -0.57527E+00
    0.24219E+01    0.96750E-01   -0.81416E+00   -0.55891E+00
    0.24238E+01    0.95159E-01   -0.81522E+00   -0.54254E+00
    0.24258E+01    0.93565E-01   -0.81625E+00   -0.52617E+00
    0.24277E+01    0.91970E-01   -0.81724E+00   -0.50978E+00
    0.24297E+01    0.90373E-01   -0.81821E+00   -0.49340E+00
    0.24316E+01    0.88774E-01   -0.81914E+00   -0.47701E+00
    0.24336E+01    0.87173E-01   -0.82004E+00   -0.46061E+00
    0.24355E+01    0.85571E-01   -0.82091E+00   -0.44421E+00
    0.24375E+01    0.83967E-01   -0.82174E+00   -0.42781E+00
    0.24395E+01    0.82361E-01   -0.82255E+00   -0.41140E+00
    0.24414E+01    0.80753E-01   -0.82332E+00   -0.39500E+00
    0.24434E+01    0.79145E-01   -0.82406E+00   -0.37859E+00
    0.24453E+01    0.77534E-01   -0.82477E+00   -0.36218E+00
    0.24473E+01    0.75923E-01   -0.82544E+00   -0.34578E+00
    0.24492E+01    0.74310E-01   -0.82609E+00   -0.32937E+00
    0.24512E+01    0.72696E-01   -0.82670E+00   -0.31297E+00
    0.24531E+01    0.71081E-01   -0.82728E+00   -0.29657E+00
    0.24551E+01    0.69464E-01   -0.82783E+00   -0.28017E+00
    0.24570E+01    0.67847E-01   -0.82834E+00   -0.26378E+00
    0.24590E+01    0.66229E-01   -0.82882E+00   -0.24739E+00
    0.24609E+01    0.64609E-01   -0.82928E+00   -0.23101E+00
    0.24629E+01    0.62989E-01   -0.82970E+00   -0.21463E+00
    0.24648E+01    0.61368E-01   -0.83008E+00   -0.19826E+00
    0.24668E+01    0.59747E-01   -0.83044E+00   -0.18189E+00
    0.24688E+01    0.58124E-01   -0.83076E+00   -0.16554E+00
    0.24707E+01    0.56502E-01   -0.83105E+00   -0.14919E+00
    0.24727E+01    0.54878E-01   -0.83131E+00   -0.13285E+00
    0.24746E+01    0.53254E-01   -0.83154E+00   -0.11652E+00
    0.24766E+01    0.51630E-01   -0.83174E+00   -0.10020E+00
    0.24785E+01    0.50005E-01   -0.83190E+00   -0.83894E-01
    0.24805E+01    0.48380E-01   -0.83203E+00   -0.67597E-01
    0.24824E+01    0.46755E-01   -0.83213E+00   -0.51314E-01
    0.24844E+01    0.45130E-01   -0.83220E+00   -0.35043E-01
    0.24863E+01    0.43504E-01   -0.83224E+00   -0.18786E-01
    0.24883E+01    0.41879E-01   -0.83224E+00   -0.25435E-02
    0.24902E+01    0.40253E-01   -0.83222E+00    0.13684E-01
    0.24922E+01    0.38628E-01   -0.83216E+00    0.29896E-01
    0.24941E+01    0.37003E-01   -0.83207E+00    0.46092E-01
    0.24961E+01    0.35378E-01   -0.83195E+00    0.62271E-01
    0.24980E+01    0.33753E-01   -0.83179E+00    0.78432E-01
