    0.00000E+00    0.49996E+00   -0.18709E-01   -0.47846E+01
    0.39062E-02    0.49985E+00   -0.37377E-01   -0.47743E+01
    0.78125E-02    0.49967E+00   -0.56003E-01   -0.47634E+01
    0.11719E-01    0.49942E+00   -0.74583E-01   -0.47518E+01
    0.15625E-01    0.49909E+00   -0.93116E-01   -0.47397E+01
    0.19531E-01    0.49869E+00   -0.11160E+00   -0.47269E+01
    0.23438E-01    0.49822E+00   -0.13003E+00   -0.47136E+01
    0.27344E-01    0.49767E+00   -0.14841E+00   -0.46996E+01
    0.31250E-01    0.49706E+00   -0.16673E+00   -0.46850E+01
    0.35156E-01    0.49637E+00   -0.18499E+00   -0.46699E+01
    0.39062E-01    0.49561E+00   -0.20319E+00   -0.46541E+01
    0.42969E-01    0.49478E+00   -0.22132E+00   -0.46377E+01
    0.46875E-01    0.49388E+00   -0.23939E+00   -0.46208E+01
    0.50781E-01    0.49291E+00   -0.25739E+00   -0.46032E+01
    0.54688E-01    0.49187E+00   -0.27532E+00   -0.45851E+01
    0.58594E-01    0.49076E+00   -0.29317E+00   -0.45664E+01
    0.62500E-01    0.48958E+00   -0.31095E+00   -0.45471E+01
    0.66406E-01    0.48833E+00   -0.32865E+00   -0.45272E+01
    0.70312E-01    0.48701E+00   -0.34628E+00   -0.45068E+01
    0.74219E-01    0.48563E+00   -0.36382E+00   -0.44857E+01
    0.78125E-01    0.48417E+00   -0.38127E+00   -0.44641E+01
    0.82031E-01    0.48265E+00   -0.39864E+00   -0.44419E+01
    0.85938E-01    0.48106E+00   -0.41592E+00   -0.44192E+01
    0.89844E-01    0.47940E+00   -0.43311E+00   -0.43959E+01
    0.93750E-01    0.47767E+00   -0.45020E+00   -0.43720E+01
    0.97656E-01    0.47588E+00   -0.46720E+00   -0.43476E+01
    0.10156E+00    0.47402E+00   -0.48411E+00   -0.43226E+01
    0.10547E+00    0.47210E+00   -0.50091E+00   -0.42971E+01
    0.10938E+00    0.47011E+00   -0.51761E+00   -0.42710E+01
    0.11328E+00    0.46806E+00   -0.53421E+00   -0.42444E+01
    0.11719E+00    0.46594E+00   -0.55070E+00   -0.42172E+01
    0.12109E+00    0.46375E+00   -0.56708E+00   -0.41895E+01
    0.12500E+00    0.46151E+00   -0.58335E+00   -0.41613E+01
    0.12891E+00    0.45920E+00   -0.59951E+00   -0.41325E+01
    0.13281E+00    0.45682E+00   -0.61555E+00   -0.41032E+01
    0.13672E+00    0.45439E+00   -0.63148E+00   -0.40734E+01
    0.14062E+00    0.45189E+00   -0.64729E+00   -0.40430E+01
    0.14453E+00    0.44933E+00   -0.66298E+00   -0.40121E+01
    0.14844E+00    0.44671E+00   -0.67854E+00   -0.39807E+01
    0.15234E+00    0.44403E+00   -0.69398E+00   -0.39488E+01
    0.15625E+00    0.44129E+00   -0.70930E+00   -0.39164E+01
    0.16016E+00    0.43849E+00   -0.72448E+00   -0.38835E+01
    0.16406E+00    0.43563E+00   -0.73954E+00   -0.38500E+01
    0.16797E+00    0.43271E+00   -0.75446E+00   -0.38161E+01
    0.17188E+00    0.42973E+00   -0.76924E+00   -0.37816E+01
    0.17578E+00    0.42670E+00   -0.78390E+00   -0.37467E+01
    0.17969E+00    0.42361E+00   -0.79841E+00   -0.37113E+01
    0.18359E+00    0.42046E+00   -0.81278E+00   -0.36754E+01
    0.18750E+00    0.41726E+00   -0.82701E+00   -0.36390E+01
    0.19141E+00    0.41400E+00   -0.84109E+00   -0.36022E+01
    0.19531E+00    0.41069E+00   -0.85503E+00   -0.35649E+01
    0.19922E+00    0.40732E+00   -0.86882E+00   -0.35271E+01
    0.20312E+00    0.40390E+00   -0.88247E+00   -0.34888E+01
    0.20703E+00    0.40042E+00   -0.89596E+00   -0.34501E+01
    0.21094E+00    0.39690E+00   -0.90929E+00   -0.34110E+01
    0.21484E+00    0.39332E+00   -0.92248E+00   -0.33713E+01
    0.21875E+00    0.38969E+00   -0.93550E+00   -0.33313E+01
    0.22266E+00    0.38601E+00   -0.94837E+00   -0.32908E+01
    0.22656E+00    0.38228E+00   -0.96108E+00   -0.32498E+01
    0.23047E+00    0.37850E+00   -0.97362E+00   -0.32085E+01
    0.23438E+00    0.37468E+00   -0.98600E+00   -0.31667E+01
    0.23828E+00    0.37080E+00   -0.99822E+00   -0.31245E+01
    0.24219E+00    0.36688E+00   -0.10103E+01   -0.30819E+01
    0.24609E+00    0.36291E+00   -0.10222E+01   -0.30389E+01
    0.25000E+00    0.35889E+00   -0.10339E+01   -0.29954E+01
    0.25391E+00    0.35483E+00   -0.10454E+01   -0.29516E+01
    0.25781E+00    0.35072E+00   -0.10568E+01   -0.29074E+01
    0.26172E+00    0.34657E+00   -0.10680E+01   -0.28628E+01
    0.26562E+00    0.34238E+00   -0.10790E+01   -0.28178E+01
    0.26953E+00    0.33814E+00   -0.10898E+01   -0.27724E+01
    0.27344E+00    0.33386E+00   -0.11005E+01   -0.27267E+01
    0.27734E+00    0.32954E+00   -0.11110E+01   -0.26806E+01
    0.28125E+00    0.32518E+00   -0.11213E+01   -0.26342E+01
    0.28516E+00    0.32078E+00   -0.11314E+01   -0.25874E+01
    0.28906E+00    0.31635E+00   -0.11413E+01   -0.25403E+01
    0.29297E+00    0.31187E+00   -0.11511E+01   -0.24928E+01
    0.29688E+00    0.30735E+00   -0.11606E+01   -0.24450E+01
    0.30078E+00    0.30280E+00   -0.11700E+01   -0.23969E+01
    0.30469E+00    0.29821E+00   -0.11792E+01   -0.23485E+01
    0.30859E+00    0.29359E+00   -0.11882E+01   -0.22998E+01
    0.31250E+00    0.28893E+00   -0.11970E+01   -0.22508E+01
    0.31641E+00    0.28424E+00   -0.12056E+01   -0.22014E+01
    0.32031E+00    0.27951E+00   -0.12140E+01   -0.21518E+01
    0.32422E+00    0.27475E+00   -0.12222E+01   -0.21020E+01
    0.32812E+00    0.26996E+00   -0.12302E+01   -0.20518E+01
    0.33203E+00    0.26514E+00   -0.12381E+01   -0.20014E+01
    0.33594E+00    0.26029E+00   -0.12457E+01   -0.19507E+01
    0.33984E+00    0.25541E+00   -0.12531E+01   -0.18998E+01
    0.34375E+00    0.25050E+00   -0.12604E+01   -0.18487E+01
    0.34766E+00    0.24556E+00   -0.12674E+01   -0.17973E+01
    0.35156E+00    0.24060E+00   -0.12742E+01   -0.17457E+01
    0.35547E+00    0.23560E+00   -0.12808E+01   -0.16939E+01
    0.35938E+00    0.23059E+00   -0.12873E+01   -0.16419E+01
    0.36328E+00    0.22555E+00   -0.12935E+01   -0.15897E+01
    0.36719E+00    0.22048E+00   -0.12995E+01   -0.15373E+01
    0.37109E+00    0.21540E+00   -0.13053E+01   -0.14847E+01
    0.37500E+00    0.21029E+00   -0.13109E+01   -0.14319E+01
    0.37891E+00    0.20515E+00   -0.13163E+01   -0.13790E+01
    0.38281E+00    0.20000E+00   -0.13215E+01   -0.13260E+01
    0.38672E+00    0.19483E+00   -0.13264E+01   -0.12728E+01
    0.39062E+00    0.18964E+00   -0.13312E+01   -0.12194E+01
    0.39453E+00    0.18443E+00   -0.13358E+01   -0.11660E+01
    0.39844E+00    0.17920E+00   -0.13401E+01   -0.11124E+01
    0.40234E+00    0.17396E+00   -0.13443E+01   -0.10587E+01
    0.40625E+00    0.16870E+00   -0.13482E+01   -0.10049E+01
    0.41016E+00    0.16343E+00   -0.13519E+01   -0.95104E+00
    0.41406E+00    0.15814E+00   -0.13554E+01   -0.89709E+00
    0.41797E+00    0.15284E+00   -0.13587E+01   -0.84307E+00
    0.42188E+00    0.14752E+00   -0.13618E+01   -0.78898E+00
    0.42578E+00    0.14220E+00   -0.13647E+01   -0.73485E+00
    0.42969E+00    0.13686E+00   -0.13673E+01   -0.68068E+00
    0.43359E+00    0.13151E+00   -0.13698E+01   -0.62647E+00
    0.43750E+00    0.12616E+00   -0.13720E+01   -0.57224E+00
    0.44141E+00    0.12080E+00   -0.13740E+01   -0.51800E+00
    0.44531E+00    0.11542E+00   -0.13758E+01   -0.46375E+00
    0.44922E+00    0.11005E+00   -0.13774E+01   -0.40951E+00
    0.45312E+00    0.10466E+00   -0.13788E+01   -0.35529E+00
    0.45703E+00    0.99273E-01   -0.13800E+01   -0.30110E+00
    0.46094E+00    0.93880E-01   -0.13810E+01   -0.24693E+00
    0.46484E+00    0.88484E-01   -0.13817E+01   -0.19282E+00
    0.46875E+00    0.83085E-01   -0.13823E+01   -0.13876E+00
    0.47266E+00    0.77684E-01   -0.13826E+01   -0.84760E-01
    0.47656E+00    0.72283E-01   -0.13827E+01   -0.30837E-01
    0.48047E+00    0.66881E-01   -0.13826E+01    0.23003E-01
    0.48438E+00    0.61481E-01   -0.13823E+01    0.76749E-01
    0.48828E+00    0.56082E-01   -0.13818E+01    0.13039E+00
    0.49219E+00    0.50685E-01   -0.13811E+01    0.18392E+00
    0.49609E+00    0.45291E-01   -0.13802E+01    0.23733E+00
    0.50000E+00    0.39902E-01   -0.13790E+01    0.29061E+00
    0.50391E+00    0.34517E-01   -0.13777E+01    0.34375E+00
    0.50781E+00    0.29138E-01   -0.13761E+01    0.39673E+00
    0.51172E+00    0.23765E-01   -0.13744E+01    0.44956E+00
    0.51562E+00    0.18400E-01   -0.13724E+01    0.50222E+00
    0.51953E+00    0.13043E-01   -0.13703E+01    0.55470E+00
    0.52344E+00    0.76947E-02   -0.13679E+01    0.60700E+00
    0.52734E+00    0.23560E-02   -0.13653E+01    0.65909E+00
    0.53125E+00   -0.29722E-02   -0.13625E+01    0.71098E+00
    0.53516E+00   -0.82891E-02   -0.13595E+01    0.76266E+00
    0.53906E+00   -0.13594E-01   -0.13564E+01    0.81412E+00
    0.54297E+00   -0.18886E-01   -0.13530E+01    0.86534E+00
    0.54688E+00   -0.24165E-01   -0.13494E+01    0.91632E+00
    0.55078E+00   -0.29429E-01   -0.13456E+01    0.96705E+00
    0.55469E+00   -0.34678E-01   -0.13416E+01    0.10175E+01
    0.55859E+00   -0.39911E-01   -0.13375E+01    0.10677E+01
    0.56250E+00   -0.45127E-01   -0.13331E+01    0.11177E+01
    0.56641E+00   -0.50326E-01   -0.13285E+01    0.11673E+01
    0.57031E+00   -0.55506E-01   -0.13238E+01    0.12167E+01
    0.57422E+00   -0.60668E-01   -0.13188E+01    0.12657E+01
    0.57812E+00   -0.65810E-01   -0.13137E+01    0.13145E+01
    0.58203E+00   -0.70931E-01   -0.13083E+01    0.13629E+01
    0.58594E+00   -0.76032E-01   -0.13028E+01    0.14110E+01
    0.58984E+00   -0.81110E-01   -0.12971E+01    0.14588E+01
    0.59375E+00   -0.86166E-01   -0.12912E+01    0.15062E+01
    0.59766E+00   -0.91198E-01   -0.12852E+01    0.15533E+01
    0.60156E+00   -0.96207E-01   -0.12789E+01    0.16000E+01
    0.60547E+00   -0.10119E+00   -0.12725E+01    0.16464E+01
    0.60938E+00   -0.10615E+00   -0.12658E+01    0.16924E+01
    0.61328E+00   -0.11108E+00   -0.12591E+01    0.17380E+01
    0.61719E+00   -0.11598E+00   -0.12521E+01    0.17833E+01
    0.62109E+00   -0.12086E+00   -0.12449E+01    0.18281E+01
    0.62500E+00   -0.12571E+00   -0.12376E+01    0.18726E+01
    0.62891E+00   -0.13053E+00   -0.12301E+01    0.19167E+01
    0.63281E+00   -0.13532E+00   -0.12224E+01    0.19603E+01
    0.63672E+00   -0.14008E+00   -0.12146E+01    0.20035E+01
    0.64062E+00   -0.14481E+00   -0.12066E+01    0.20464E+01
    0.64453E+00   -0.14951E+00   -0.11984E+01    0.20887E+01
    0.64844E+00   -0.15417E+00   -0.11901E+01    0.21307E+01
    0.65234E+00   -0.15881E+00   -0.11816E+01    0.21722E+01
    0.65625E+00   -0.16341E+00   -0.11730E+01    0.22133E+01
    0.66016E+00   -0.16797E+00   -0.11641E+01    0.22539E+01
    0.66406E+00   -0.17250E+00   -0.11552E+01    0.22941E+01
    0.66797E+00   -0.17700E+00   -0.11461E+01    0.23338E+01
    0.67188E+00   -0.18146E+00   -0.11368E+01    0.23730E+01
    0.67578E+00   -0.18588E+00   -0.11273E+01    0.24118E+01
    0.67969E+00   -0.19026E+00   -0.11178E+01    0.24501E+01
    0.68359E+00   -0.19461E+00   -0.11080E+01    0.24879E+01
    0.68750E+00   -0.19892E+00   -0.10982E+01    0.25252E+01
    0.69141E+00   -0.20319E+00   -0.10881E+01    0.25620E+01
    0.69531E+00   -0.20742E+00   -0.10780E+01    0.25984E+01
    0.69922E+00   -0.21161E+00   -0.10677E+01    0.26342E+01
    0.70312E+00   -0.21576E+00   -0.10572E+01    0.26695E+01
    0.70703E+00   -0.21987E+00   -0.10467E+01    0.27044E+01
    0.71094E+00   -0.22394E+00   -0.10360E+01    0.27387E+01
    0.71484E+00   -0.22797E+00   -0.10251E+01    0.27725E+01
    0.71875E+00   -0.23195E+00   -0.10141E+01    0.28058E+01
    0.72266E+00   -0.23589E+00   -0.10030E+01    0.28386E+01
    0.72656E+00   -0.23979E+00   -0.99182E+00    0.28709E+01
    0.73047E+00   -0.24364E+00   -0.98047E+00    0.29026E+01
    0.73438E+00   -0.24745E+00   -0.96900E+00    0.29338E+01
    0.73828E+00   -0.25121E+00   -0.95741E+00    0.29645E+01
    0.74219E+00   -0.25493E+00   -0.94570E+00    0.29946E+01
    0.74609E+00   -0.25860E+00   -0.93387E+00    0.30242E+01
    0.75000E+00   -0.26222E+00   -0.92193E+00    0.30532E+01
    0.75391E+00   -0.26580E+00   -0.90988E+00    0.30818E+01
    0.75781E+00   -0.26933E+00   -0.89772E+00    0.31097E+01
    0.76172E+00   -0.27281E+00   -0.88546E+00    0.31372E+01
    0.76562E+00   -0.27625E+00   -0.87308E+00    0.31640E+01
    0.76953E+00   -0.27964E+00   -0.86061E+00    0.31904E+01
    0.77344E+00   -0.28297E+00   -0.84803E+00    0.32161E+01
    0.77734E+00   -0.28626E+00   -0.83536E+00    0.32414E+01
    0.78125E+00   -0.28950E+00   -0.82259E+00    0.32660E+01
    0.78516E+00   -0.29269E+00   -0.80972E+00    0.32901E+01
    0.78906E+00   -0.29583E+00   -0.79676E+00    0.33137E+01
    0.79297E+00   -0.29891E+00   -0.78372E+00    0.33367E+01
    0.79688E+00   -0.30195E+00   -0.77058E+00    0.33591E+01
    0.80078E+00   -0.30493E+00   -0.75736E+00    0.33810E+01
    0.80469E+00   -0.30787E+00   -0.74406E+00    0.34023E+01
    0.80859E+00   -0.31075E+00   -0.73067E+00    0.34230E+01
    0.81250E+00   -0.31357E+00   -0.71721E+00    0.34432E+01
    0.81641E+00   -0.31635E+00   -0.70367E+00    0.34628E+01
    0.82031E+00   -0.31907E+00   -0.69005E+00    0.34819E+01
    0.82422E+00   -0.32174E+00   -0.67637E+00    0.35004E+01
    0.82812E+00   -0.32436E+00   -0.66261E+00    0.35183E+01
    0.83203E+00   -0.32692E+00   -0.64878E+00    0.35356E+01
    0.83594E+00   -0.32942E+00   -0.63489E+00    0.35524E+01
    0.83984E+00   -0.33188E+00   -0.62094E+00    0.35687E+01
    0.84375E+00   -0.33428E+00   -0.60692E+00    0.35843E+01
    0.84766E+00   -0.33662E+00   -0.59285E+00    0.35994E+01
    0.85156E+00   -0.33891E+00   -0.57872E+00    0.36139E+01
    0.85547E+00   -0.34114E+00   -0.56453E+00    0.36279E+01
    0.85938E+00   -0.34332E+00   -0.55029E+00    0.36413E+01
    0.86328E+00   -0.34544E+00   -0.53601E+00    0.36541E+01
    0.86719E+00   -0.34751E+00   -0.52167E+00    0.36664E+01
    0.87109E+00   -0.34952E+00   -0.50729E+00    0.36781E+01
    0.87500E+00   -0.35147E+00   -0.49286E+00    0.36892E+01
    0.87891E+00   -0.35337E+00   -0.47839E+00    0.36998E+01
    0.88281E+00   -0.35521E+00   -0.46389E+00    0.37098E+01
    0.88672E+00   -0.35699E+00   -0.44935E+00    0.37192E+01
    0.89062E+00   -0.35872E+00   -0.43477E+00    0.37281E+01
    0.89453E+00   -0.36039E+00   -0.42016E+00    0.37364E+01
    0.89844E+00   -0.36200E+00   -0.40552E+00    0.37442E+01
    0.90234E+00   -0.36356E+00   -0.39085E+00    0.37514E+01
    0.90625E+00   -0.36505E+00   -0.37615E+00    0.37581E+01
    0.91016E+00   -0.36649E+00   -0.36143E+00    0.37642E+01
    0.91406E+00   -0.36788E+00   -0.34669E+00    0.37697E+01
    0.91797E+00   -0.36920E+00   -0.33193E+00    0.37747E+01
    0.92188E+00   -0.37047E+00   -0.31716E+00    0.37791E+01
    0.92578E+00   -0.37168E+00   -0.30236E+00    0.37830E+01
    0.92969E+00   -0.37283E+00   -0.28756E+00    0.37863E+01
    0.93359E+00   -0.37393E+00   -0.27274E+00    0.37891E+01
    0.93750E+00   -0.37496E+00   -0.25792E+00    0.37914E+01
    0.94141E+00   -0.37594E+00   -0.24309E+00    0.37930E+01
    0.94531E+00   -0.37686E+00   -0.22825E+00    0.37942E+01
    0.94922E+00   -0.37773E+00   -0.21341E+00    0.37948E+01
    0.95312E+00   -0.37853E+00   -0.19857E+00    0.37948E+01
    0.95703E+00   -0.37928E+00   -0.18374E+00    0.37944E+01
    0.96094E+00   -0.37997E+00   -0.16890E+00    0.37933E+01
    0.96484E+00   -0.38060E+00   -0.15408E+00    0.37918E+01
    0.96875E+00   -0.38117E+00   -0.13926E+00    0.37897E+01
    0.97266E+00   -0.38169E+00   -0.12445E+00    0.37871E+01
    0.97656E+00   -0.38214E+00   -0.10965E+00    0.37839E+01
    0.98047E+00   -0.38254E+00   -0.94873E-01    0.37802E+01
    0.98438E+00   -0.38288E+00   -0.80108E-01    0.37760E+01
    0.98828E+00   -0.38317E+00   -0.65361E-01    0.37713E+01
    0.99219E+00   -0.38339E+00   -0.50635E-01    0.37660E+01
    0.99609E+00   -0.38356E+00   -0.35932E-01    0.37602E+01
    0.10000E+01   -0.38368E+00   -0.21253E-01    0.37539E+01
    0.10039E+01   -0.38373E+00   -0.66013E-02    0.37471E+01
    0.10078E+01   -0.38373E+00    0.80220E-02    0.37398E+01
    0.10117E+01   -0.38367E+00    0.22615E-01    0.37319E+01
    0.10156E+01   -0.38355E+00    0.37174E-01    0.37236E+01
    0.10195E+01   -0.38338E+00    0.51700E-01    0.37147E+01
    0.10234E+01   -0.38315E+00    0.66188E-01    0.37053E+01
    0.10273E+01   -0.38286E+00    0.80638E-01    0.36954E+01
    0.10312E+01   -0.38252E+00    0.95047E-01    0.36850E+01
    0.10352E+01   -0.38212E+00    0.10941E+00    0.36741E+01
    0.10391E+01   -0.38166E+00    0.12374E+00    0.36628E+01
    0.10430E+01   -0.38115E+00    0.13801E+00    0.36509E+01
    0.10469E+01   -0.38058E+00    0.15224E+00    0.36385E+01
    0.10508E+01   -0.37996E+00    0.16642E+00    0.36256E+01
    0.10547E+01   -0.37928E+00    0.18054E+00    0.36123E+01
    0.10586E+01   -0.37855E+00    0.19461E+00    0.35984E+01
    0.10625E+01   -0.37776E+00    0.20863E+00    0.35841E+01
    0.10664E+01   -0.37692E+00    0.22258E+00    0.35693E+01
    0.10703E+01   -0.37602E+00    0.23648E+00    0.35540E+01
    0.10742E+01   -0.37507E+00    0.25031E+00    0.35382E+01
    0.10781E+01   -0.37407E+00    0.26409E+00    0.35220E+01
    0.10820E+01   -0.37301E+00    0.27779E+00    0.35053E+01
    0.10859E+01   -0.37190E+00    0.29143E+00    0.34881E+01
    0.10898E+01   -0.37073E+00    0.30500E+00    0.34705E+01
    0.10938E+01   -0.36951E+00    0.31850E+00    0.34524E+01
    0.10977E+01   -0.36824E+00    0.33193E+00    0.34338E+01
    0.11016E+01   -0.36692E+00    0.34528E+00    0.34148E+01
    0.11055E+01   -0.36555E+00    0.35856E+00    0.33953E+01
    0.11094E+01   -0.36412E+00    0.37176E+00    0.33754E+01
    0.11133E+01   -0.36264E+00    0.38487E+00    0.33550E+01
    0.11172E+01   -0.36111E+00    0.39791E+00    0.33342E+01
    0.11211E+01   -0.35953E+00    0.41087E+00    0.33129E+01
    0.11250E+01   -0.35790E+00    0.42374E+00    0.32912E+01
    0.11289E+01   -0.35622E+00    0.43652E+00    0.32691E+01
    0.11328E+01   -0.35449E+00    0.44921E+00    0.32465E+01
    0.11367E+01   -0.35271E+00    0.46182E+00    0.32235E+01
    0.11406E+01   -0.35088E+00    0.47433E+00    0.32001E+01
    0.11445E+01   -0.34901E+00    0.48675E+00    0.31763E+01
    0.11484E+01   -0.34708E+00    0.49908E+00    0.31520E+01
    0.11523E+01   -0.34511E+00    0.51130E+00    0.31273E+01
    0.11562E+01   -0.34309E+00    0.52343E+00    0.31022E+01
    0.11602E+01   -0.34102E+00    0.53546E+00    0.30767E+01
    0.11641E+01   -0.33890E+00    0.54739E+00    0.30508E+01
    0.11680E+01   -0.33674E+00    0.55922E+00    0.30245E+01
    0.11719E+01   -0.33453E+00    0.57094E+00    0.29978E+01
    0.11758E+01   -0.33228E+00    0.58256E+00    0.29707E+01
    0.11797E+01   -0.32998E+00    0.59407E+00    0.29432E+01
    0.11836E+01   -0.32764E+00    0.60547E+00    0.29154E+01
    0.11875E+01   -0.32525E+00    0.61676E+00    0.28871E+01
    0.11914E+01   -0.32282E+00    0.62793E+00    0.28585E+01
    0.11953E+01   -0.32035E+00    0.63900E+00    0.28295E+01
    0.11992E+01   -0.31783E+00    0.64995E+00    0.28001E+01
    0.12031E+01   -0.31527E+00    0.66078E+00    0.27703E+01
    0.12070E+01   -0.31267E+00    0.67149E+00    0.27402E+01
    0.12109E+01   -0.31002E+00    0.68209E+00    0.27098E+01
    0.12148E+01   -0.30734E+00    0.69256E+00    0.26789E+01
    0.12188E+01   -0.30461E+00    0.70292E+00    0.26478E+01
    0.12227E+01   -0.30185E+00    0.71315E+00    0.26163E+01
    0.12266E+01   -0.29904E+00    0.72325E+00    0.25844E+01
    0.12305E+01   -0.29620E+00    0.73323E+00    0.25522E+01
    0.12344E+01   -0.29331E+00    0.74308E+00    0.25197E+01
    0.12383E+01   -0.29039E+00    0.75281E+00    0.24869E+01
    0.12422E+01   -0.28743E+00    0.76240E+00    0.24537E+01
    0.12461E+01   -0.28443E+00    0.77187E+00    0.24202E+01
    0.12500E+01   -0.28140E+00    0.78120E+00    0.23864E+01
    0.12539E+01   -0.27833E+00    0.79039E+00    0.23523E+01
    0.12578E+01   -0.27522E+00    0.79946E+00    0.23179E+01
    0.12617E+01   -0.27208E+00    0.80839E+00    0.22832E+01
    0.12656E+01   -0.26891E+00    0.81718E+00    0.22482E+01
    0.12695E+01   -0.26570E+00    0.82583E+00    0.22129E+01
    0.12734E+01   -0.26246E+00    0.83434E+00    0.21774E+01
    0.12773E+01   -0.25918E+00    0.84272E+00    0.21415E+01
    0.12812E+01   -0.25587E+00    0.85095E+00    0.21054E+01
    0.12852E+01   -0.25253E+00    0.85904E+00    0.20691E+01
    0.12891E+01   -0.24916E+00    0.86699E+00    0.20324E+01
    0.12930E+01   -0.24576E+00    0.87479E+00    0.19955E+01
    0.12969E+01   -0.24233E+00    0.88245E+00    0.19584E+01
    0.13008E+01   -0.23886E+00    0.88996E+00    0.19210E+01
    0.13047E+01   -0.23537E+00    0.89732E+00    0.18834E+01
    0.13086E+01   -0.23185E+00    0.90454E+00    0.18456E+01
    0.13125E+01   -0.22831E+00    0.91161E+00    0.18075E+01
    0.13164E+01   -0.22473E+00    0.91852E+00    0.17692E+01
    0.13203E+01   -0.22113E+00    0.92529E+00    0.17307E+01
    0.13242E+01   -0.21750E+00    0.93191E+00    0.16920E+01
    0.13281E+01   -0.21385E+00    0.93837E+00    0.16530E+01
    0.13320E+01   -0.21017E+00    0.94468E+00    0.16139E+01
    0.13359E+01   -0.20647E+00    0.95084E+00    0.15746E+01
    0.13398E+01   -0.20274E+00    0.95684E+00    0.15351E+01
    0.13438E+01   -0.19899E+00    0.96269E+00    0.14955E+01
    0.13477E+01   -0.19522E+00    0.96838E+00    0.14556E+01
    0.13516E+01   -0.19143E+00    0.97392E+00    0.14156E+01
    0.13555E+01   -0.18761E+00    0.97929E+00    0.13755E+01
    0.13594E+01   -0.18378E+00    0.98452E+00    0.13352E+01
    0.13633E+01   -0.17992E+00    0.98958E+00    0.12947E+01
    0.13672E+01   -0.17605E+00    0.99448E+00    0.12541E+01
    0.13711E+01   -0.17215E+00    0.99923E+00    0.12134E+01
    0.13750E+01   -0.16824E+00    0.10038E+01    0.11726E+01
    0.13789E+01   -0.16431E+00    0.10082E+01    0.11316E+01
    0.13828E+01   -0.16036E+00    0.10125E+01    0.10905E+01
    0.13867E+01   -0.15640E+00    0.10166E+01    0.10493E+01
    0.13906E+01   -0.15242E+00    0.10205E+01    0.10080E+01
    0.13945E+01   -0.14842E+00    0.10243E+01    0.96664E+00
    0.13984E+01   -0.14442E+00    0.10279E+01    0.92517E+00
    0.14023E+01   -0.14039E+00    0.10314E+01    0.88363E+00
    0.14062E+01   -0.13636E+00    0.10347E+01    0.84201E+00
    0.14102E+01   -0.13231E+00    0.10378E+01    0.80033E+00
    0.14141E+01   -0.12825E+00    0.10408E+01    0.75859E+00
    0.14180E+01   -0.12418E+00    0.10436E+01    0.71680E+00
    0.14219E+01   -0.12010E+00    0.10462E+01    0.67497E+00
    0.14258E+01   -0.11600E+00    0.10487E+01    0.63309E+00
    0.14297E+01   -0.11190E+00    0.10510E+01    0.59119E+00
    0.14336E+01   -0.10779E+00    0.10532E+01    0.54926E+00
    0.14375E+01   -0.10367E+00    0.10551E+01    0.50732E+00
    0.14414E+01   -0.99549E-01    0.10570E+01    0.46537E+00
    0.14453E+01   -0.95417E-01    0.10586E+01    0.42341E+00
    0.14492E+01   -0.91279E-01    0.10601E+01    0.38146E+00
    0.14531E+01   -0.87135E-01    0.10614E+01    0.33953E+00
    0.14570E+01   -0.82986E-01    0.10626E+01    0.29761E+00
    0.14609E+01   -0.78833E-01    0.10636E+01    0.25571E+00
    0.14648E+01   -0.74676E-01    0.10644E+01    0.21385E+00
    0.14688E+01   -0.70517E-01    0.10651E+01    0.17203E+00
    0.14727E+01   -0.66355E-01    0.10656E+01    0.13025E+00
    0.14766E+01   -0.62191E-01    0.10660E+01    0.88527E-01
    0.14805E+01   -0.58026E-01    0.10661E+01    0.46865E-01
    0.14844E+01   -0.53861E-01    0.10662E+01    0.52701E-02
    0.14883E+01   -0.49697E-01    0.10660E+01   -0.36251E-01
    0.14922E+01   -0.45533E-01    0.10657E+01   -0.77690E-01
    0.14961E+01   -0.41370E-01    0.10653E+01   -0.11904E+00
    0.15000E+01   -0.37210E-01    0.10646E+01   -0.16030E+00
    0.15039E+01   -0.33053E-01    0.10638E+01   -0.20145E+00
    0.15078E+01   -0.28899E-01    0.10629E+01   -0.24250E+00
    0.15117E+01   -0.24749E-01    0.10618E+01   -0.28343E+00
    0.15156E+01   -0.20603E-01    0.10605E+01   -0.32424E+00
    0.15195E+01   -0.16463E-01    0.10591E+01   -0.36492E+00
    0.15234E+01   -0.12329E-01    0.10575E+01   -0.40547E+00
    0.15273E+01   -0.82008E-02    0.10558E+01   -0.44587E+00
    0.15312E+01   -0.40802E-02    0.10539E+01   -0.48613E+00
    0.15352E+01    0.32757E-04    0.10518E+01   -0.52623E+00
    0.15391E+01    0.41373E-02    0.10496E+01   -0.56617E+00
    0.15430E+01    0.82330E-02    0.10472E+01   -0.60594E+00
    0.15469E+01    0.12319E-01    0.10447E+01   -0.64553E+00
    0.15508E+01    0.16395E-01    0.10420E+01   -0.68495E+00
    0.15547E+01    0.20460E-01    0.10392E+01   -0.72418E+00
    0.15586E+01    0.24514E-01    0.10362E+01   -0.76321E+00
    0.15625E+01    0.28556E-01    0.10331E+01   -0.80205E+00
    0.15664E+01    0.32585E-01    0.10298E+01   -0.84068E+00
    0.15703E+01    0.36601E-01    0.10263E+01   -0.87910E+00
    0.15742E+01    0.40604E-01    0.10228E+01   -0.91730E+00
    0.15781E+01    0.44592E-01    0.10190E+01   -0.95528E+00
    0.15820E+01    0.48565E-01    0.10151E+01   -0.99302E+00
    0.15859E+01    0.52523E-01    0.10111E+01   -0.10305E+01
    0.15898E+01    0.56464E-01    0.10069E+01   -0.10678E+01
    0.15938E+01    0.60390E-01    0.10026E+01   -0.11048E+01
    0.15977E+01    0.64298E-01    0.99814E+00   -0.11416E+01
    0.16016E+01    0.68188E-01    0.99354E+00   -0.11781E+01
    0.16055E+01    0.72060E-01    0.98879E+00   -0.12144E+01
    0.16094E+01    0.75913E-01    0.98390E+00   -0.12504E+01
    0.16133E+01    0.79747E-01    0.97887E+00   -0.12861E+01
    0.16172E+01    0.83561E-01    0.97370E+00   -0.13215E+01
    0.16211E+01    0.87354E-01    0.96840E+00   -0.13566E+01
    0.16250E+01    0.91127E-01    0.96296E+00   -0.13915E+01
    0.16289E+01    0.94878E-01    0.95738E+00   -0.14260E+01
    0.16328E+01    0.98607E-01    0.95167E+00   -0.14603E+01
    0.16367E+01    0.10231E+00    0.94583E+00   -0.14943E+01
    0.16406E+01    0.10600E+00    0.93985E+00   -0.15279E+01
    0.16445E+01    0.10966E+00    0.93375E+00   -0.15612E+01
    0.16484E+01    0.11329E+00    0.92751E+00   -0.15942E+01
    0.16523E+01    0.11690E+00    0.92115E+00   -0.16269E+01
    0.16562E+01    0.12049E+00    0.91466E+00   -0.16593E+01
    0.16602E+01    0.12405E+00    0.90805E+00   -0.16913E+01
    0.16641E+01    0.12758E+00    0.90131E+00   -0.17230E+01
    0.16680E+01    0.13109E+00    0.89445E+00   -0.17544E+01
    0.16719E+01    0.13457E+00    0.88747E+00   -0.17854E+01
    0.16758E+01    0.13802E+00    0.88037E+00   -0.18160E+01
    0.16797E+01    0.14145E+00    0.87315E+00   -0.18463E+01
    0.16836E+01    0.14485E+00    0.86581E+00   -0.18763E+01
    0.16875E+01    0.14821E+00    0.85836E+00   -0.19059E+01
    0.16914E+01    0.15155E+00    0.85079E+00   -0.19351E+01
    0.16953E+01    0.15486E+00    0.84311E+00   -0.19640E+01
    0.16992E+01    0.15814E+00    0.83532E+00   -0.19925E+01
    0.17031E+01    0.16139E+00    0.82742E+00   -0.20206E+01
    0.17070E+01    0.16460E+00    0.81941E+00   -0.20483E+01
    0.17109E+01    0.16779E+00    0.81130E+00   -0.20757E+01
    0.17148E+01    0.17094E+00    0.80307E+00   -0.21026E+01
    0.17188E+01    0.17406E+00    0.79475E+00   -0.21292E+01
    0.17227E+01    0.17715E+00    0.78632E+00   -0.21554E+01
    0.17266E+01    0.18021E+00    0.77779E+00   -0.21812E+01
    0.17305E+01    0.18323E+00    0.76916E+00   -0.22066E+01
    0.17344E+01    0.18622E+00    0.76044E+00   -0.22316E+01
    0.17383E+01    0.18917E+00    0.75161E+00   -0.22562E+01
    0.17422E+01    0.19209E+00    0.74270E+00   -0.22804E+01
    0.17461E+01    0.19497E+00    0.73369E+00   -0.23042E+01
    0.17500E+01    0.19782E+00    0.72458E+00   -0.23276E+01
    0.17539E+01    0.20063E+00    0.71539E+00   -0.23506E+01
    0.17578E+01    0.20341E+00    0.70611E+00   -0.23731E+01
    0.17617E+01    0.20615E+00    0.69675E+00   -0.23953E+01
    0.17656E+01    0.20885E+00    0.68730E+00   -0.24170E+01
    0.17695E+01    0.21152E+00    0.67776E+00   -0.24383E+01
    0.17734E+01    0.21415E+00    0.66815E+00   -0.24592E+01
    0.17773E+01    0.21674E+00    0.65845E+00   -0.24797E+01
    0.17812E+01    0.21929E+00    0.64867E+00   -0.24997E+01
    0.17852E+01    0.22181E+00    0.63882E+00   -0.25193E+01
    0.17891E+01    0.22428E+00    0.62890E+00   -0.25385E+01
    0.17930E+01    0.22672E+00    0.61890E+00   -0.25573E+01
    0.17969E+01    0.22912E+00    0.60883E+00   -0.25756E+01
    0.18008E+01    0.23148E+00    0.59868E+00   -0.25935E+01
    0.18047E+01    0.23380E+00    0.58848E+00   -0.26110E+01
    0.18086E+01    0.23607E+00    0.57820E+00   -0.26280E+01
    0.18125E+01    0.23831E+00    0.56786E+00   -0.26446E+01
    0.18164E+01    0.24051E+00    0.55745E+00   -0.26607E+01
    0.18203E+01    0.24267E+00    0.54699E+00   -0.26764E+01
    0.18242E+01    0.24478E+00    0.53646E+00   -0.26917E+01
    0.18281E+01    0.24686E+00    0.52588E+00   -0.27065E+01
    0.18320E+01    0.24889E+00    0.51524E+00   -0.27209E+01
    0.18359E+01    0.25088E+00    0.50455E+00   -0.27349E+01
    0.18398E+01    0.25283E+00    0.49380E+00   -0.27484E+01
    0.18438E+01    0.25474E+00    0.48300E+00   -0.27615E+01
    0.18477E+01    0.25661E+00    0.47215E+00   -0.27741E+01
    0.18516E+01    0.25843E+00    0.46126E+00   -0.27863E+01
    0.18555E+01    0.26021E+00    0.45032E+00   -0.27980E+01
    0.18594E+01    0.26195E+00    0.43933E+00   -0.28093E+01
    0.18633E+01    0.26364E+00    0.42831E+00   -0.28202E+01
    0.18672E+01    0.26530E+00    0.41724E+00   -0.28306E+01
    0.18711E+01    0.26690E+00    0.40613E+00   -0.28405E+01
    0.18750E+01    0.26847E+00    0.39499E+00   -0.28501E+01
    0.18789E+01    0.26999E+00    0.38381E+00   -0.28591E+01
    0.18828E+01    0.27147E+00    0.37259E+00   -0.28678E+01
    0.18867E+01    0.27290E+00    0.36135E+00   -0.28759E+01
    0.18906E+01    0.27429E+00    0.35007E+00   -0.28837E+01
    0.18945E+01    0.27564E+00    0.33877E+00   -0.28910E+01
    0.18984E+01    0.27694E+00    0.32744E+00   -0.28978E+01
    0.19023E+01    0.27819E+00    0.31608E+00   -0.29042E+01
    0.19062E+01    0.27941E+00    0.30470E+00   -0.29102E+01
    0.19102E+01    0.28058E+00    0.29330E+00   -0.29157E+01
    0.19141E+01    0.28170E+00    0.28188E+00   -0.29208E+01
    0.19180E+01    0.28278E+00    0.27044E+00   -0.29255E+01
    0.19219E+01    0.28381E+00    0.25898E+00   -0.29297E+01
    0.19258E+01    0.28480E+00    0.24751E+00   -0.29334E+01
    0.19297E+01    0.28575E+00    0.23603E+00   -0.29367E+01
    0.19336E+01    0.28664E+00    0.22454E+00   -0.29396E+01
    0.19375E+01    0.28750E+00    0.21303E+00   -0.29421E+01
    0.19414E+01    0.28831E+00    0.20152E+00   -0.29441E+01
    0.19453E+01    0.28907E+00    0.19000E+00   -0.29456E+01
    0.19492E+01    0.28979E+00    0.17848E+00   -0.29468E+01
    0.19531E+01    0.29047E+00    0.16695E+00   -0.29475E+01
    0.19570E+01    0.29110E+00    0.15543E+00   -0.29478E+01
    0.19609E+01    0.29168E+00    0.14390E+00   -0.29476E+01
    0.19648E+01    0.29222E+00    0.13238E+00   -0.29470E+01
    0.19688E+01    0.29272E+00    0.12086E+00   -0.29460E+01
    0.19727E+01    0.29317E+00    0.10934E+00   -0.29445E+01
    0.19766E+01    0.29357E+00    0.97838E-01   -0.29426E+01
    0.19805E+01    0.29393E+00    0.86341E-01   -0.29403E+01
    0.19844E+01    0.29425E+00    0.74854E-01   -0.29376E+01
    0.19883E+01    0.29452E+00    0.63380E-01   -0.29345E+01
    0.19922E+01    0.29474E+00    0.51920E-01   -0.29309E+01
    0.19961E+01    0.29492E+00    0.40475E-01   -0.29269E+01
    0.20000E+01    0.29506E+00    0.29047E-01   -0.29225E+01
    0.20039E+01    0.29515E+00    0.17639E-01   -0.29176E+01
    0.20078E+01    0.29520E+00    0.62507E-02   -0.29124E+01
    0.20117E+01    0.29520E+00   -0.51152E-02   -0.29067E+01
    0.20156E+01    0.29516E+00   -0.16457E-01   -0.29007E+01
    0.20195E+01    0.29507E+00   -0.27774E-01   -0.28942E+01
    0.20234E+01    0.29494E+00   -0.39064E-01   -0.28873E+01
    0.20273E+01    0.29476E+00   -0.50325E-01   -0.28800E+01
    0.20312E+01    0.29454E+00   -0.61556E-01   -0.28723E+01
    0.20352E+01    0.29428E+00   -0.72756E-01   -0.28642E+01
    0.20391E+01    0.29398E+00   -0.83922E-01   -0.28556E+01
    0.20430E+01    0.29363E+00   -0.95053E-01   -0.28467E+01
    0.20469E+01    0.29323E+00   -0.10615E+00   -0.28374E+01
    0.20508E+01    0.29280E+00   -0.11721E+00   -0.28277E+01
    0.20547E+01    0.29232E+00   -0.12822E+00   -0.28176E+01
    0.20586E+01    0.29180E+00   -0.13920E+00   -0.28071E+01
    0.20625E+01    0.29123E+00   -0.15013E+00   -0.27962E+01
    0.20664E+01    0.29062E+00   -0.16102E+00   -0.27850E+01
    0.20703E+01    0.28997E+00   -0.17187E+00   -0.27733E+01
    0.20742E+01    0.28928E+00   -0.18266E+00   -0.27613E+01
    0.20781E+01    0.28855E+00   -0.19341E+00   -0.27489E+01
    0.20820E+01    0.28777E+00   -0.20411E+00   -0.27361E+01
    0.20859E+01    0.28695E+00   -0.21476E+00   -0.27229E+01
    0.20898E+01    0.28609E+00   -0.22535E+00   -0.27094E+01
    0.20938E+01    0.28519E+00   -0.23589E+00   -0.26955E+01
    0.20977E+01    0.28425E+00   -0.24638E+00   -0.26812E+01
    0.21016E+01    0.28327E+00   -0.25680E+00   -0.26665E+01
    0.21055E+01    0.28224E+00   -0.26717E+00   -0.26515E+01
    0.21094E+01    0.28118E+00   -0.27748E+00   -0.26361E+01
    0.21133E+01    0.28007E+00   -0.28773E+00   -0.26204E+01
    0.21172E+01    0.27893E+00   -0.29791E+00   -0.26043E+01
    0.21211E+01    0.27775E+00   -0.30803E+00   -0.25879E+01
    0.21250E+01    0.27652E+00   -0.31808E+00   -0.25711E+01
    0.21289E+01    0.27526E+00   -0.32807E+00   -0.25540E+01
    0.21328E+01    0.27396E+00   -0.33799E+00   -0.25365E+01
    0.21367E+01    0.27262E+00   -0.34783E+00   -0.25186E+01
    0.21406E+01    0.27124E+00   -0.35761E+00   -0.25005E+01
    0.21445E+01    0.26983E+00   -0.36732E+00   -0.24820E+01
    0.21484E+01    0.26837E+00   -0.37695E+00   -0.24632E+01
    0.21523E+01    0.26688E+00   -0.38650E+00   -0.24440E+01
    0.21562E+01    0.26535E+00   -0.39598E+00   -0.24245E+01
    0.21602E+01    0.26379E+00   -0.40539E+00   -0.24047E+01
    0.21641E+01    0.26219E+00   -0.41471E+00   -0.23846E+01
    0.21680E+01    0.26055E+00   -0.42396E+00   -0.23641E+01
    0.21719E+01    0.25887E+00   -0.43312E+00   -0.23434E+01
    0.21758E+01    0.25716E+00   -0.44220E+00   -0.23223E+01
    0.21797E+01    0.25542E+00   -0.45120E+00   -0.23009E+01
    0.21836E+01    0.25364E+00   -0.46011E+00   -0.22792E+01
    0.21875E+01    0.25182E+00   -0.46893E+00   -0.22572E+01
    0.21914E+01    0.24998E+00   -0.47767E+00   -0.22350E+01
    0.21953E+01    0.24809E+00   -0.48632E+00   -0.22124E+01
    0.21992E+01    0.24618E+00   -0.49489E+00   -0.21895E+01
    0.22031E+01    0.24423E+00   -0.50336E+00   -0.21664E+01
    0.22070E+01    0.24224E+00   -0.51174E+00   -0.21429E+01
    0.22109E+01    0.24023E+00   -0.52002E+00   -0.21192E+01
    0.22148E+01    0.23818E+00   -0.52822E+00   -0.20952E+01
    0.22188E+01    0.23610E+00   -0.53631E+00   -0.20710E+01
    0.22227E+01    0.23399E+00   -0.54432E+00   -0.20465E+01
    0.22266E+01    0.23185E+00   -0.55222E+00   -0.20217E+01
    0.22305E+01    0.22968E+00   -0.56003E+00   -0.19966E+01
    0.22344E+01    0.22747E+00   -0.56774E+00   -0.19713E+01
    0.22383E+01    0.22524E+00   -0.57534E+00   -0.19457E+01
    0.22422E+01    0.22298E+00   -0.58285E+00   -0.19199E+01
    0.22461E+01    0.22069E+00   -0.59026E+00   -0.18939E+01
    0.22500E+01    0.21837E+00   -0.59756E+00   -0.18676E+01
    0.22539E+01    0.21602E+00   -0.60476E+00   -0.18410E+01
    0.22578E+01    0.21364E+00   -0.61185E+00   -0.18143E+01
    0.22617E+01    0.21124E+00   -0.61884E+00   -0.17873E+01
    0.22656E+01    0.20881E+00   -0.62572E+00   -0.17601E+01
    0.22695E+01    0.20635E+00   -0.63250E+00   -0.17326E+01
    0.22734E+01    0.20387E+00   -0.63916E+00   -0.17050E+01
    0.22773E+01    0.20136E+00   -0.64572E+00   -0.16771E+01
    0.22812E+01    0.19882E+00   -0.65217E+00   -0.16490E+01
    0.22852E+01    0.19626E+00   -0.65851E+00   -0.16208E+01
    0.22891E+01    0.19368E+00   -0.66473E+00   -0.15923E+01
    0.22930E+01    0.19107E+00   -0.67085E+00   -0.15636E+01
    0.22969E+01    0.18843E+00   -0.67685E+00   -0.15348E+01
    0.23008E+01    0.18578E+00   -0.68274E+00   -0.15058E+01
    0.23047E+01    0.18310E+00   -0.68851E+00   -0.14765E+01
    0.23086E+01    0.18040E+00   -0.69417E+00   -0.14471E+01
    0.23125E+01    0.17768E+00   -0.69971E+00   -0.14176E+01
    0.23164E+01    0.17493E+00   -0.70514E+00   -0.13879E+01
    0.23203E+01    0.17217E+00   -0.71045E+00   -0.13580E+01
    0.23242E+01    0.16938E+00   -0.71564E+00   -0.13279E+01
    0.23281E+01    0.16658E+00   -0.72071E+00   -0.12977E+01
    0.23320E+01    0.16375E+00   -0.72567E+00   -0.12674E+01
    0.23359E+01    0.16091E+00   -0.73051E+00   -0.12369E+01
    0.23398E+01    0.15804E+00   -0.73522E+00   -0.12063E+01
    0.23438E+01    0.15516E+00   -0.73982E+00   -0.11755E+01
    0.23477E+01    0.15226E+00   -0.74430E+00   -0.11446E+01
    0.23516E+01    0.14935E+00   -0.74865E+00   -0.11136E+01
    0.23555E+01    0.14642E+00   -0.75288E+00   -0.10825E+01
    0.23594E+01    0.14347E+00   -0.75699E+00   -0.10512E+01
    0.23633E+01    0.14050E+00   -0.76098E+00   -0.10199E+01
    0.23672E+01    0.13752E+00   -0.76485E+00   -0.98845E+00
    0.23711E+01    0.13453E+00   -0.76859E+00   -0.95691E+00
    0.23750E+01    0.13152E+00   -0.77220E+00   -0.92527E+00
    0.23789E+01    0.12849E+00   -0.77570E+00   -0.89354E+00
    0.23828E+01    0.12546E+00   -0.77907E+00   -0.86173E+00
    0.23867E+01    0.12241E+00   -0.78231E+00   -0.82984E+00
    0.23906E+01    0.11934E+00   -0.78543E+00   -0.79789E+00
    0.23945E+01    0.11627E+00   -0.78843E+00   -0.76586E+00
    0.23984E+01    0.11318E+00   -0.79130E+00   -0.73377E+00
    0.24023E+01    0.11009E+00   -0.79404E+00   -0.70163E+00
    0.24062E+01    0.10698E+00   -0.79666E+00   -0.66943E+00
    0.24102E+01    0.10386E+00   -0.79915E+00   -0.63719E+00
    0.24141E+01    0.10074E+00   -0.80151E+00   -0.60490E+00
    0.24180E+01    0.97601E-01   -0.80375E+00   -0.57258E+00
    0.24219E+01    0.94457E-01   -0.80586E+00   -0.54023E+00
    0.24258E+01    0.91305E-01   -0.80785E+00   -0.50785E+00
    0.24297E+01    0.88145E-01   -0.80971E+00   -0.47545E+00
    0.24336E+01    0.84978E-01   -0.81144E+00   -0.44304E+00
    0.24375E+01    0.81805E-01   -0.81305E+00   -0.41062E+00
    0.24414E+01    0.78626E-01   -0.81453E+00   -0.37819E+00
    0.24453E+01    0.75442E-01   -0.81588E+00   -0.34576E+00
    0.24492E+01    0.72252E-01   -0.81710E+00   -0.31334E+00
    0.24531E+01    0.69058E-01   -0.81820E+00   -0.28093E+00
    0.24570E+01    0.65860E-01   -0.81917E+00   -0.24853E+00
    0.24609E+01    0.62658E-01   -0.82002E+00   -0.21616E+00
    0.24648E+01    0.59453E-01   -0.82074E+00   -0.18381E+00
    0.24688E+01    0.56246E-01   -0.82133E+00   -0.15149E+00
    0.24727E+01    0.53036E-01   -0.82180E+00   -0.11921E+00
    0.24766E+01    0.49825E-01   -0.82214E+00   -0.86976E-01
    0.24805E+01    0.46613E-01   -0.82235E+00   -0.54785E-01
    0.24844E+01    0.43400E-01   -0.82244E+00   -0.22647E-01
    0.24883E+01    0.40187E-01   -0.82240E+00    0.94351E-02
    0.24922E+01    0.36975E-01   -0.82224E+00    0.41454E-01
    0.24961E+01    0.33763E-01   -0.82195E+00    0.73406E-01
